==========
0.1354287841754445
0.07149394584708597
0.1247091868825611
0.0759933590999287
0.01701181933246694
0.01812875300357248
0.0
0.03265407892000924
0.06859618816739979
0.028813652008740163
0.15032970564335063
0.07684052691944049
==========
0.04487242289081941
0.12201847251628241
0.12813253542826247
0.09919962880913084
0.06150723084726854
0.011900696556083683
0.010049823015083854
0.0
0.02648443720926635
0.027039197574078713
0.016943248579955755
0.12457957930104072
==========
0.12360461777590774
0.07815414276644828
0.1419029288507864
0.05265203517933151
0.1508855349800092
0.029713252888627004
0.023748564000866137
0.027023093295520856
0.01818181818181818
0.027567298335004518
0.027463471927320626
0.04455778727290499
==========
0.04270477259017826
0.05298666056836386
0.07580553585661352
0.1428266109964244
0.13599865966573435
0.11007354389795139
0.029659530806027623
0.011532595253482082
0.022977384122971022
0.0
0.019431820239367497
0.010548340548340546
==========
0.031758087283484955
0.04203650248699342
0.15539147971071338
0.05145491424740914
0.20532400578295243
0.04478920477880812
0.11414329941903259
0.03627643659264796
0.04120503477931925
0.0378053393764689
0.020076823622922912
0.01973887191924692
==========
0.025936190662902304
0.03913132479993647
0.02116086664989992
0.1442403743679898
0.1319641295145778
0.13496377689699499
0.03973609504214796
0.07670156826662
0.0409901788667315
0.02152265942655338
0.03274374459655491
0.0
==========
0.0
0.016926953121733323
0.020312622129989705
0.01701813933462106
0.17954833927490293
0.06675901722221585
0.13010677310373162
0.12649124290966549
0.06928689036501369
0.044612096476753675
0.00811718323415361
0.029911651918128095
==========
0.03048403016374242
4.2283298097251583E-4
0.02500790667554972
0.01497335068830109
0.026110361422104288
0.1227938470029088
0.16659603237832346
0.13619550297887065
0.09397048960179526
0.08169692115962225
0.04906651500896265
0.01631857357521054
==========
0.009707167266824104
0.019278829792509194
0.01818181818181818
0.0225138343916946
0.03867135626484466
0.052400722115616145
0.09342481000684766
0.12085293164084773
0.14117977855245284
0.1757929024125594
0.08055702906707647
0.027438820306908997
==========
0.036953147972227915
0.013409952799709138
0.04527031719887113
2.5974025974025974E-4
0.0460568158789404
0.01870871081766515
0.042552455215186955
0.11010771162269918
0.0956415192055578
0.16132710923560506
0.04179728785677005
0.1515515955733906
==========
0.12106817253023432
0.023869219344053606
0.015312222781538362
0.02004231143354057
0.006060606060606061
0.01160854166226381
0.01592113753559683
0.049924458696356165
0.1124370240686738
0.05364221823525067
0.14731962721036654
0.04097627862333745
==========
0.10332831769735078
0.09159084575699908
0.035140584844839354
0.009694081077094168
0.038855570675603884
0.0
0.03502234585402651
0.0358092171838907
0.030941301565618116
0.13630076771779165
0.02936749704489547
0.16304037967279933
==========
0.1354287841754445
0.07149394584708597
0.1247091868825611
0.0759933590999287
0.01701181933246694
0.01812875300357248
0.0
0.03265407892000924
0.06859618816739979
0.028813652008740163
0.15032970564335063
0.07684052691944049
==========
0.04487242289081941
0.12201847251628241
0.12813253542826247
0.09919962880913084
0.06150723084726854
0.011900696556083683
0.010049823015083854
0.0
0.02648443720926635
0.027039197574078713
0.016943248579955755
0.12457957930104072
==========
0.12360461777590774
0.07815414276644828
0.1419029288507864
0.05265203517933151
0.1508855349800092
0.029713252888627004
0.023748564000866137
0.027023093295520856
0.01818181818181818
0.027567298335004518
0.027463471927320626
0.04455778727290499
==========
0.04270477259017826
0.05298666056836386
0.07580553585661352
0.1428266109964244
0.13599865966573435
0.11007354389795139
0.029659530806027623
0.011532595253482082
0.022977384122971022
0.0
0.019431820239367497
0.010548340548340546
==========
0.031758087283484955
0.04203650248699342
0.15539147971071338
0.05145491424740914
0.20532400578295243
0.04478920477880812
0.11414329941903259
0.03627643659264796
0.04120503477931925
0.0378053393764689
0.020076823622922912
0.01973887191924692
==========
0.025936190662902304
0.03913132479993647
0.02116086664989992
0.1442403743679898
0.1319641295145778
0.13496377689699499
0.03973609504214796
0.07670156826662
0.0409901788667315
0.02152265942655338
0.03274374459655491
0.0
==========
0.0
0.016926953121733323
0.020312622129989705
0.01701813933462106
0.17954833927490293
0.06675901722221585
0.13010677310373162
0.12649124290966549
0.06928689036501369
0.044612096476753675
0.00811718323415361
0.029911651918128095
==========
0.03048403016374242
4.2283298097251583E-4
0.02500790667554972
0.01497335068830109
0.026110361422104288
0.1227938470029088
0.16659603237832346
0.13619550297887065
0.09397048960179526
0.08169692115962225
0.04906651500896265
0.01631857357521054
==========
0.009707167266824104
0.019278829792509194
0.01818181818181818
0.0225138343916946
0.03867135626484466
0.052400722115616145
0.09342481000684766
0.12085293164084773
0.14117977855245284
0.1757929024125594
0.08055702906707647
0.027438820306908997
==========
0.036953147972227915
0.013409952799709138
0.04527031719887113
2.5974025974025974E-4
0.0460568158789404
0.01870871081766515
0.042552455215186955
0.11010771162269918
0.0956415192055578
0.16132710923560506
0.04179728785677005
0.1515515955733906
==========
0.12106817253023432
0.023869219344053606
0.015312222781538362
0.02004231143354057
0.006060606060606061
0.01160854166226381
0.01592113753559683
0.049924458696356165
0.1124370240686738
0.05364221823525067
0.14731962721036654
0.04097627862333745
==========
0.10332831769735078
0.09159084575699908
0.035140584844839354
0.009694081077094168
0.038855570675603884
0.0
0.03502234585402651
0.0358092171838907
0.030941301565618116
0.13630076771779165
0.02936749704489547
0.16304037967279933
