0.5661835748792271
0.5813204508856683
0.5585585585585585
0.6363636363636364
0.4887525562372188
0.513317191283293
0.5607675906183369
0.5759599332220368
0.6126629422718808
0.5468354430379747
0.5208845208845209
0.6164596273291926
0.5159914712153518
0.35294117647058826
0.3050847457627119
0.5
0.5073891625615764
0.5506607929515418
0.43769968051118213
0.5561904761904762
0.5398089171974523
0.6447761194029851
0.47642679900744417
0.5400593471810089
0.5841209829867675
0.525390625
0.6037735849056604
0.664756446991404
0.5375722543352601
0.4977973568281938
0.43283582089552236
0.4106776180698152
0.6810344827586207
0.5456238361266295
0.5619266055045872
0.5208333333333334
0.5291375291375291
0.5456349206349206
0.5883977900552486
0.3408624229979466
0.45126353790613716
0.577922077922078
0.6277533039647577
0.5343035343035343
0.5521885521885522
0.5473684210526316
0.545816733067729
0.5483870967741935
0.5586206896551724
0.5378323108384458
0.5714285714285714
0.5794621026894865
0.6367521367521367
0.7108433734939759
0.3097744360902256
0.5806451612903226
0.6384742951907131
0.5146198830409356
0.6145251396648045
0.4752851711026616
0.5338345864661654
0.5061349693251533
0.45490981963927857
0.6524590163934426
0.5694682675814752
0.6061855670103092
0.6270270270270271
0.5988023952095808
0.5585106382978723
0.4391891891891892
0.33454106280193235
0.5066371681415929
0.3665893271461717
0.49107142857142855
0.5732647814910026
0.6324582338902148
0.6348884381338742
0.5217391304347826
0.01565217391304348
0.5978090766823161
0.5226824457593688
0.42698191933240615
0.6267857142857143
0.4713375796178344
0.4432515337423313
0.5661835748792271
0.5813204508856683
0.5585585585585585
0.6363636363636364
0.4887525562372188
0.513317191283293
0.5607675906183369
0.5759599332220368
0.6126629422718808
0.5468354430379747
0.5208845208845209
0.6164596273291926
0.5661835748792271
0.5813204508856683
0.5585585585585585
0.6363636363636364
0.4887525562372188
0.513317191283293
0.5607675906183369
0.5759599332220368
0.6126629422718808
0.5468354430379747
0.5208845208845209
0.6164596273291926
0.5159914712153518
0.35294117647058826
0.3050847457627119
0.5
0.5073891625615764
0.5506607929515418
0.43769968051118213
0.5561904761904762
0.5398089171974523
0.6447761194029851
0.47642679900744417
0.5400593471810089
0.5841209829867675
0.525390625
0.6037735849056604
0.664756446991404
0.5375722543352601
0.4977973568281938
0.43283582089552236
0.4106776180698152
0.6810344827586207
0.5456238361266295
0.5619266055045872
0.5208333333333334
0.5291375291375291
0.5456349206349206
0.5883977900552486
0.3408624229979466
0.45126353790613716
0.577922077922078
0.6277533039647577
0.5343035343035343
0.5521885521885522
0.5473684210526316
0.545816733067729
0.5483870967741935
0.5586206896551724
0.5378323108384458
0.5714285714285714
0.5794621026894865
0.6367521367521367
0.7108433734939759
0.3097744360902256
0.5806451612903226
0.6384742951907131
0.5146198830409356
0.6145251396648045
0.4752851711026616
0.5338345864661654
0.5061349693251533
0.45490981963927857
0.6524590163934426
0.5694682675814752
0.6061855670103092
0.6270270270270271
0.5988023952095808
0.5585106382978723
0.4391891891891892
0.33454106280193235
0.5066371681415929
0.3665893271461717
0.49107142857142855
0.5732647814910026
0.6324582338902148
0.6348884381338742
0.5217391304347826
0.01565217391304348
0.5978090766823161
0.5226824457593688
0.42698191933240615
0.6267857142857143
0.4713375796178344
0.4432515337423313
0.5661835748792271
0.5813204508856683
0.5585585585585585
0.6363636363636364
0.4887525562372188
0.513317191283293
0.5607675906183369
0.5661835748792271
0.5813204508856683
0.5585585585585585
0.6363636363636364
0.4887525562372188
0.513317191283293
0.5607675906183369
0.5661835748792271
0.5813204508856683
0.5585585585585585
0.6363636363636364
0.4887525562372188
0.513317191283293
0.5607675906183369
0.5759599332220368
0.6126629422718808
0.5468354430379747
0.5208845208845209
0.6164596273291926
0.5159914712153518
0.35294117647058826
0.3050847457627119
0.5
0.5073891625615764
0.5506607929515418
0.43769968051118213
0.5561904761904762
0.5398089171974523
0.6447761194029851
0.47642679900744417
0.5400593471810089
0.5841209829867675
0.525390625
0.6037735849056604
0.664756446991404
0.5375722543352601
0.4977973568281938
0.43283582089552236
0.4106776180698152
0.6810344827586207
0.5456238361266295
0.5619266055045872
0.5208333333333334
0.5291375291375291
0.5456349206349206
0.5883977900552486
0.3408624229979466
0.45126353790613716
0.577922077922078
0.6277533039647577
0.5343035343035343
0.5521885521885522
0.5473684210526316
0.545816733067729
0.5483870967741935
0.5586206896551724
0.5378323108384458
0.5714285714285714
0.5794621026894865
0.6367521367521367
0.7108433734939759
0.3097744360902256
0.5806451612903226
0.6384742951907131
0.5146198830409356
0.6145251396648045
0.4752851711026616
0.5338345864661654
0.5061349693251533
0.45490981963927857
0.6524590163934426
0.5694682675814752
0.6061855670103092
0.6270270270270271
0.5988023952095808
0.5585106382978723
0.4391891891891892
0.33454106280193235
0.5066371681415929
0.3665893271461717
0.49107142857142855
0.5732647814910026
0.6324582338902148
0.6348884381338742
0.5217391304347826
0.01565217391304348
0.5978090766823161
0.5226824457593688
0.42698191933240615
0.6267857142857143
0.4713375796178344
0.4432515337423313
0.5661835748792271
0.5813204508856683
0.5585585585585585
0.6363636363636364
0.4887525562372188
0.513317191283293
0.5607675906183369
0.5759599332220368
0.6126629422718808
0.5468354430379747
0.5208845208845209
0.6164596273291926
0.5159914712153518
0.35294117647058826
0.3050847457627119
0.5
0.5073891625615764
0.5506607929515418
0.43769968051118213
0.5561904761904762
0.5398089171974523
0.6447761194029851
0.47642679900744417
0.5400593471810089
0.5841209829867675
0.525390625
0.6037735849056604
0.664756446991404
0.5375722543352601
0.4977973568281938
0.43283582089552236
0.4106776180698152
0.6810344827586207
0.5456238361266295
0.5619266055045872
0.5208333333333334
0.5291375291375291
0.5456349206349206
0.5883977900552486
0.3408624229979466
0.45126353790613716
0.577922077922078
0.6277533039647577
0.5343035343035343
0.5521885521885522
0.5473684210526316
0.545816733067729
0.5483870967741935
0.5586206896551724
0.5378323108384458
0.5714285714285714
0.5794621026894865
0.6367521367521367
0.7108433734939759
0.3097744360902256
0.5806451612903226
0.6384742951907131
0.5146198830409356
0.6145251396648045
0.4752851711026616
0.5338345864661654
0.5061349693251533
0.45490981963927857
0.6524590163934426
0.5694682675814752
0.6061855670103092
0.6270270270270271
0.5988023952095808
0.5585106382978723
0.4391891891891892
0.33454106280193235
0.5066371681415929
0.3665893271461717
0.49107142857142855
0.5732647814910026
0.6324582338902148
0.6348884381338742
0.5217391304347826
0.01565217391304348
0.5978090766823161
0.5226824457593688
0.42698191933240615
0.6267857142857143
0.4713375796178344
0.4432515337423313
0.6454106280193237
0.5587761674718197
0.5788288288288288
0.5772727272727273
0.6319018404907976
0.46246973365617433
0.4626865671641791
0.4941569282136895
0.5418994413407822
0.4911392405063291
0.48402948402948404
0.5791925465838509
0.579957356076759
0.5549872122762148
0.3414043583535109
0.4444444444444444
0.4975369458128079
0.5506607929515418
0.4984025559105431
0.4552380952380952
0.5605095541401274
0.5701492537313433
0.456575682382134
0.5074183976261127
0.504725897920605
0.595703125
0.5540308747855918
0.5959885386819485
0.5144508670520231
0.5227606461086637
0.503731343283582
0.5379876796714579
0.6185344827586207
0.5381750465549349
0.536697247706422
0.59375
0.5011655011655012
0.5277777777777778
0.39779005524861877
0.42915811088295686
0.45126353790613716
0.4588744588744589
0.6101321585903083
0.5135135135135135
0.43602693602693604
0.5543859649122806
0.47410358565737054
0.5837173579109063
0.5517241379310345
0.3967280163599182
0.5886699507389163
0.5036674816625917
0.5056980056980057
0.6289156626506024
0.47218045112781953
0.4990512333965844
0.615257048092869
0.4444444444444444
0.553072625698324
0.4600760456273764
0.6259398496240601
0.5153374233128835
0.56312625250501
0.580327868852459
0.41680960548885077
0.5855670103092784
0.3918918918918919
0.5868263473053892
0.6037234042553191
0.5202702702702703
0.6123188405797102
0.6438053097345132
0.24361948955916474
0.5044642857142857
0.5578406169665809
0.48448687350835323
0.3995943204868154
0.5669565217391305
0.0052173913043478265
0.5367762128325508
0.5838264299802761
0.564673157162726
0.5517857142857143
0.4840764331210191
0.48006134969325154
0.6454106280193237
0.5587761674718197
0.5788288288288288
0.5772727272727273
0.6319018404907976
0.46246973365617433
0.4626865671641791
0.4941569282136895
0.5418994413407822
0.4911392405063291
0.48402948402948404
0.5791925465838509
0.579957356076759
0.5549872122762148
0.3414043583535109
0.4444444444444444
0.4975369458128079
0.5506607929515418
0.4984025559105431
0.4552380952380952
0.5605095541401274
0.5701492537313433
0.456575682382134
0.5074183976261127
0.504725897920605
0.595703125
0.5540308747855918
0.5959885386819485
0.5144508670520231
0.5227606461086637
0.503731343283582
0.5379876796714579
0.6185344827586207
0.5381750465549349
0.536697247706422
0.59375
0.5011655011655012
0.5277777777777778
0.39779005524861877
0.42915811088295686
0.45126353790613716
0.4588744588744589
0.6101321585903083
0.5135135135135135
0.43602693602693604
0.5543859649122806
0.47410358565737054
0.5837173579109063
0.5517241379310345
0.3967280163599182
0.5886699507389163
0.5036674816625917
0.5056980056980057
0.6289156626506024
0.47218045112781953
0.4990512333965844
0.615257048092869
0.4444444444444444
0.553072625698324
0.4600760456273764
0.6259398496240601
0.5153374233128835
0.56312625250501
0.580327868852459
0.41680960548885077
0.5855670103092784
0.3918918918918919
0.5868263473053892
0.6037234042553191
0.5202702702702703
0.6123188405797102
0.6438053097345132
0.24361948955916474
0.5044642857142857
0.5578406169665809
0.48448687350835323
0.3995943204868154
0.5669565217391305
0.0052173913043478265
0.5367762128325508
0.5838264299802761
0.564673157162726
0.5517857142857143
0.4840764331210191
0.48006134969325154
0.6454106280193237
0.5587761674718197
0.5788288288288288
0.5772727272727273
0.6319018404907976
0.46246973365617433
0.4626865671641791
0.4941569282136895
0.5418994413407822
0.4911392405063291
0.48402948402948404
0.5791925465838509
0.579957356076759
0.5549872122762148
0.3414043583535109
0.4444444444444444
0.4975369458128079
0.5506607929515418
0.4984025559105431
0.4552380952380952
0.5605095541401274
0.5701492537313433
0.456575682382134
0.5074183976261127
0.504725897920605
0.595703125
0.5540308747855918
0.5959885386819485
0.5144508670520231
0.5227606461086637
0.503731343283582
0.5379876796714579
0.6185344827586207
0.5381750465549349
0.536697247706422
0.59375
0.5011655011655012
0.5277777777777778
0.39779005524861877
0.42915811088295686
0.45126353790613716
0.4588744588744589
0.6101321585903083
0.5135135135135135
0.43602693602693604
0.5543859649122806
0.47410358565737054
0.5837173579109063
0.5517241379310345
0.3967280163599182
0.5886699507389163
0.5036674816625917
0.5056980056980057
0.6289156626506024
0.47218045112781953
0.4990512333965844
0.615257048092869
0.4444444444444444
0.553072625698324
0.4600760456273764
0.6259398496240601
0.5153374233128835
0.56312625250501
0.580327868852459
0.41680960548885077
0.5855670103092784
0.3918918918918919
0.5868263473053892
0.6037234042553191
0.5202702702702703
0.6123188405797102
0.6438053097345132
0.24361948955916474
0.5044642857142857
0.5578406169665809
0.48448687350835323
0.3995943204868154
0.5669565217391305
0.0052173913043478265
0.5367762128325508
0.5838264299802761
0.564673157162726
0.5517857142857143
0.4840764331210191
0.48006134969325154
0.6454106280193237
0.5587761674718197
0.5788288288288288
0.5772727272727273
0.6319018404907976
0.46246973365617433
0.4626865671641791
0.4941569282136895
0.5418994413407822
0.4911392405063291
0.48402948402948404
0.5791925465838509
0.579957356076759
0.5549872122762148
0.3414043583535109
0.4444444444444444
0.4975369458128079
0.5506607929515418
0.4984025559105431
0.4552380952380952
0.5605095541401274
0.5701492537313433
0.456575682382134
0.5074183976261127
0.504725897920605
0.595703125
0.5540308747855918
0.5959885386819485
0.5144508670520231
0.5227606461086637
0.503731343283582
0.5379876796714579
0.6185344827586207
0.5381750465549349
0.536697247706422
0.59375
0.5011655011655012
0.5277777777777778
0.39779005524861877
0.42915811088295686
0.45126353790613716
0.4588744588744589
0.6101321585903083
0.5135135135135135
0.43602693602693604
0.5543859649122806
0.47410358565737054
0.5837173579109063
0.5517241379310345
0.3967280163599182
0.5886699507389163
0.5036674816625917
0.5056980056980057
0.6289156626506024
0.47218045112781953
0.4990512333965844
0.615257048092869
0.4444444444444444
0.553072625698324
0.4600760456273764
0.6259398496240601
0.5153374233128835
0.56312625250501
0.580327868852459
0.41680960548885077
0.5855670103092784
0.3918918918918919
0.5868263473053892
0.6037234042553191
0.5202702702702703
0.6123188405797102
0.6438053097345132
0.24361948955916474
0.5044642857142857
0.5578406169665809
0.48448687350835323
0.3995943204868154
0.5669565217391305
0.0052173913043478265
0.5367762128325508
0.5838264299802761
0.564673157162726
0.5517857142857143
0.4840764331210191
0.48006134969325154
0.6454106280193237
0.5587761674718197
0.5788288288288288
0.5772727272727273
0.6319018404907976
0.46246973365617433
0.4626865671641791
0.4941569282136895
0.5418994413407822
0.4911392405063291
0.48402948402948404
0.5791925465838509
0.579957356076759
0.5549872122762148
0.3414043583535109
0.4444444444444444
0.4975369458128079
0.5506607929515418
0.4984025559105431
0.4552380952380952
0.5605095541401274
0.5701492537313433
0.456575682382134
0.5074183976261127
0.504725897920605
0.595703125
0.5540308747855918
0.5959885386819485
0.5144508670520231
0.5227606461086637
0.503731343283582
0.5379876796714579
0.6185344827586207
0.5381750465549349
0.536697247706422
0.59375
0.5011655011655012
0.5277777777777778
0.39779005524861877
0.42915811088295686
0.45126353790613716
0.4588744588744589
0.6101321585903083
0.5135135135135135
0.43602693602693604
0.5543859649122806
0.47410358565737054
0.5837173579109063
0.5517241379310345
0.3967280163599182
0.5886699507389163
0.5036674816625917
0.5056980056980057
0.6289156626506024
0.47218045112781953
0.4990512333965844
0.615257048092869
0.4444444444444444
0.553072625698324
0.4600760456273764
0.6259398496240601
0.5153374233128835
0.56312625250501
0.580327868852459
0.41680960548885077
0.5855670103092784
0.3918918918918919
0.5868263473053892
0.6037234042553191
0.5202702702702703
0.6123188405797102
0.6438053097345132
0.24361948955916474
0.5044642857142857
0.5578406169665809
0.48448687350835323
0.3995943204868154
0.5669565217391305
0.0052173913043478265
0.5367762128325508
0.5838264299802761
0.564673157162726
0.5517857142857143
0.4840764331210191
0.48006134969325154
0.5661835748792271
0.5813204508856683
0.5585585585585585
0.6363636363636364
0.4887525562372188
0.513317191283293
0.5607675906183369
0.5759599332220368
0.6126629422718808
0.5468354430379747
0.5208845208845209
0.6164596273291926
0.5159914712153518
0.35294117647058826
0.3050847457627119
0.5
0.5073891625615764
0.5506607929515418
0.43769968051118213
0.5561904761904762
0.5398089171974523
0.6447761194029851
0.47642679900744417
0.5400593471810089
0.5841209829867675
0.525390625
0.6037735849056604
0.664756446991404
0.5375722543352601
0.4977973568281938
0.43283582089552236
0.4106776180698152
0.6810344827586207
0.5456238361266295
0.5619266055045872
0.5208333333333334
0.5291375291375291
0.5456349206349206
0.5883977900552486
0.3408624229979466
0.45126353790613716
0.577922077922078
0.6277533039647577
0.5343035343035343
0.5521885521885522
0.5473684210526316
0.545816733067729
0.5483870967741935
0.5586206896551724
0.5378323108384458
0.5714285714285714
0.5794621026894865
0.6367521367521367
0.7108433734939759
0.3097744360902256
0.5806451612903226
0.6384742951907131
0.5146198830409356
0.6145251396648045
0.4752851711026616
0.5338345864661654
0.5061349693251533
0.45490981963927857
0.6524590163934426
0.5694682675814752
0.6061855670103092
0.6270270270270271
0.5988023952095808
0.5585106382978723
0.4391891891891892
0.33454106280193235
0.5066371681415929
0.3665893271461717
0.49107142857142855
0.5732647814910026
0.6324582338902148
0.6348884381338742
0.5217391304347826
0.01565217391304348
0.5978090766823161
0.5226824457593688
0.42698191933240615
0.6267857142857143
0.4713375796178344
0.4432515337423313
0.5661835748792271
0.5813204508856683
0.5585585585585585
0.6363636363636364
0.4887525562372188
0.513317191283293
0.5607675906183369
0.5759599332220368
0.6126629422718808
0.5468354430379747
0.5208845208845209
0.6164596273291926
0.5159914712153518
0.35294117647058826
0.3050847457627119
0.5
0.5073891625615764
0.5506607929515418
0.43769968051118213
0.5561904761904762
0.5398089171974523
0.6447761194029851
0.47642679900744417
0.5400593471810089
0.5841209829867675
0.525390625
0.6037735849056604
0.664756446991404
0.5375722543352601
0.4977973568281938
0.43283582089552236
0.4106776180698152
0.6810344827586207
0.5456238361266295
0.5619266055045872
0.5208333333333334
0.5291375291375291
0.5456349206349206
0.5883977900552486
0.3408624229979466
0.45126353790613716
0.577922077922078
0.6277533039647577
0.5343035343035343
0.5521885521885522
0.5473684210526316
0.545816733067729
0.5483870967741935
0.5586206896551724
0.5378323108384458
0.5714285714285714
0.5794621026894865
0.6367521367521367
0.7108433734939759
0.3097744360902256
0.5806451612903226
0.6384742951907131
0.5146198830409356
0.6145251396648045
0.4752851711026616
0.5338345864661654
0.5061349693251533
0.45490981963927857
0.6524590163934426
0.5694682675814752
0.6061855670103092
0.6270270270270271
0.5988023952095808
0.5585106382978723
0.4391891891891892
0.33454106280193235
0.5066371681415929
0.3665893271461717
0.49107142857142855
0.5732647814910026
0.6324582338902148
0.6348884381338742
0.5217391304347826
0.01565217391304348
0.5978090766823161
0.5226824457593688
0.42698191933240615
0.6267857142857143
0.4713375796178344
0.4432515337423313
0.5661835748792271
0.5813204508856683
0.5585585585585585
0.6363636363636364
0.4887525562372188
0.513317191283293
0.5607675906183369
0.5759599332220368
0.6126629422718808
0.5468354430379747
0.5208845208845209
0.6164596273291926
0.5159914712153518
0.35294117647058826
0.3050847457627119
0.5
0.5073891625615764
0.5506607929515418
0.43769968051118213
0.5561904761904762
0.5398089171974523
0.6447761194029851
0.47642679900744417
0.5400593471810089
0.5841209829867675
0.525390625
0.6037735849056604
0.664756446991404
0.5375722543352601
0.4977973568281938
0.43283582089552236
0.4106776180698152
0.6810344827586207
0.5456238361266295
0.5619266055045872
0.5208333333333334
0.5291375291375291
0.5456349206349206
0.5883977900552486
0.3408624229979466
0.45126353790613716
0.577922077922078
0.6277533039647577
0.5343035343035343
0.5521885521885522
0.5473684210526316
0.545816733067729
0.5483870967741935
0.5586206896551724
0.5378323108384458
0.5714285714285714
0.5794621026894865
0.6367521367521367
0.7108433734939759
0.3097744360902256
0.5806451612903226
0.6384742951907131
0.5146198830409356
0.6145251396648045
0.4752851711026616
0.5338345864661654
0.5061349693251533
0.45490981963927857
0.6524590163934426
0.5694682675814752
0.6061855670103092
0.6270270270270271
0.5988023952095808
0.5585106382978723
0.4391891891891892
0.33454106280193235
0.5066371681415929
0.3665893271461717
0.49107142857142855
0.5732647814910026
0.6324582338902148
0.6348884381338742
0.5217391304347826
0.01565217391304348
0.5978090766823161
0.5226824457593688
0.42698191933240615
0.6267857142857143
0.4713375796178344
0.4432515337423313
0.6454106280193237
0.5587761674718197
0.5788288288288288
0.5772727272727273
0.6319018404907976
0.46246973365617433
0.4626865671641791
0.4941569282136895
0.5418994413407822
0.4911392405063291
0.48402948402948404
0.5791925465838509
0.579957356076759
0.5549872122762148
0.3414043583535109
0.4444444444444444
0.4975369458128079
0.5506607929515418
0.4984025559105431
0.4552380952380952
0.5605095541401274
0.5701492537313433
0.456575682382134
0.5074183976261127
0.504725897920605
0.595703125
0.5540308747855918
0.5959885386819485
0.5144508670520231
0.5227606461086637
0.503731343283582
0.5379876796714579
0.6185344827586207
0.5381750465549349
0.536697247706422
0.59375
0.5011655011655012
0.5277777777777778
0.39779005524861877
0.42915811088295686
0.45126353790613716
0.4588744588744589
0.6101321585903083
0.5135135135135135
0.43602693602693604
0.5543859649122806
0.47410358565737054
0.5837173579109063
0.5517241379310345
0.3967280163599182
0.5886699507389163
0.5036674816625917
0.5056980056980057
0.6289156626506024
0.47218045112781953
0.4990512333965844
0.615257048092869
0.4444444444444444
0.553072625698324
0.4600760456273764
0.6259398496240601
0.5153374233128835
0.56312625250501
0.580327868852459
0.41680960548885077
0.5855670103092784
0.3918918918918919
0.5868263473053892
0.6037234042553191
0.5202702702702703
0.6123188405797102
0.6438053097345132
0.24361948955916474
0.5044642857142857
0.5578406169665809
0.48448687350835323
0.3995943204868154
0.5669565217391305
0.0052173913043478265
0.5367762128325508
0.5838264299802761
0.564673157162726
0.5517857142857143
0.4840764331210191
0.48006134969325154
0.6454106280193237
0.5587761674718197
0.6454106280193237
0.5587761674718197
0.5788288288288288
0.5772727272727273
0.6319018404907976
0.46246973365617433
0.4626865671641791
0.4941569282136895
0.5418994413407822
0.4911392405063291
0.48402948402948404
0.5791925465838509
0.579957356076759
0.5549872122762148
0.3414043583535109
0.4444444444444444
0.4975369458128079
0.5506607929515418
0.4984025559105431
0.4552380952380952
0.5605095541401274
0.5701492537313433
0.456575682382134
0.5074183976261127
0.504725897920605
0.595703125
0.5540308747855918
0.5959885386819485
0.5144508670520231
0.5227606461086637
0.503731343283582
0.5379876796714579
0.6185344827586207
0.5381750465549349
0.536697247706422
0.59375
0.5011655011655012
0.5277777777777778
0.39779005524861877
0.42915811088295686
0.45126353790613716
0.4588744588744589
0.6101321585903083
0.5135135135135135
0.43602693602693604
0.5543859649122806
0.47410358565737054
0.5837173579109063
0.5517241379310345
0.3967280163599182
0.5886699507389163
0.5036674816625917
0.5056980056980057
0.6289156626506024
0.47218045112781953
0.4990512333965844
0.615257048092869
0.4444444444444444
0.553072625698324
0.4600760456273764
0.6259398496240601
0.5153374233128835
0.56312625250501
0.580327868852459
0.41680960548885077
0.5855670103092784
0.3918918918918919
0.5868263473053892
0.6037234042553191
0.5202702702702703
0.6123188405797102
0.6438053097345132
0.24361948955916474
0.5044642857142857
0.5578406169665809
0.48448687350835323
0.3995943204868154
0.5669565217391305
0.0052173913043478265
0.5367762128325508
0.5838264299802761
0.564673157162726
0.5517857142857143
0.4840764331210191
0.48006134969325154
0.5661835748792271
0.5813204508856683
0.5585585585585585
0.6363636363636364
0.4887525562372188
0.513317191283293
0.5607675906183369
0.5759599332220368
0.6126629422718808
0.5468354430379747
0.5208845208845209
0.6164596273291926
0.5159914712153518
0.35294117647058826
0.3050847457627119
0.5
0.5073891625615764
0.5506607929515418
0.43769968051118213
0.5561904761904762
0.5398089171974523
0.6447761194029851
0.47642679900744417
0.5400593471810089
0.5841209829867675
0.525390625
0.6037735849056604
0.664756446991404
0.5375722543352601
0.4977973568281938
0.43283582089552236
0.4106776180698152
0.6810344827586207
0.5456238361266295
0.5619266055045872
0.5208333333333334
0.5291375291375291
0.5456349206349206
0.5883977900552486
0.3408624229979466
0.45126353790613716
0.577922077922078
0.6277533039647577
0.5343035343035343
0.5521885521885522
0.5473684210526316
0.545816733067729
0.5483870967741935
0.5586206896551724
0.5378323108384458
0.5714285714285714
0.5794621026894865
0.6367521367521367
0.7108433734939759
0.3097744360902256
0.5806451612903226
0.6384742951907131
0.5146198830409356
0.6145251396648045
0.4752851711026616
0.5338345864661654
0.5061349693251533
0.45490981963927857
0.6524590163934426
0.5694682675814752
0.6061855670103092
0.6270270270270271
0.5988023952095808
0.5585106382978723
0.4391891891891892
0.33454106280193235
0.5066371681415929
0.3665893271461717
0.49107142857142855
0.5732647814910026
0.6324582338902148
0.6348884381338742
0.5217391304347826
0.01565217391304348
0.5978090766823161
0.5226824457593688
0.42698191933240615
0.6267857142857143
0.4713375796178344
0.4432515337423313
0.5661835748792271
0.5813204508856683
0.5585585585585585
0.6363636363636364
0.4887525562372188
0.513317191283293
0.5607675906183369
0.5759599332220368
0.6126629422718808
0.5468354430379747
0.5208845208845209
0.6164596273291926
0.5159914712153518
0.35294117647058826
0.3050847457627119
0.5
0.5073891625615764
0.5506607929515418
0.43769968051118213
0.5561904761904762
0.5398089171974523
0.6447761194029851
0.47642679900744417
0.5400593471810089
0.5841209829867675
0.525390625
0.6037735849056604
0.664756446991404
0.5375722543352601
0.4977973568281938
0.43283582089552236
0.4106776180698152
0.6810344827586207
0.5456238361266295
0.5619266055045872
0.5208333333333334
0.5291375291375291
0.5456349206349206
0.5883977900552486
0.3408624229979466
0.45126353790613716
0.577922077922078
0.6277533039647577
0.5343035343035343
0.5521885521885522
0.5473684210526316
0.545816733067729
0.5483870967741935
0.5586206896551724
0.5378323108384458
0.5714285714285714
0.5794621026894865
0.6367521367521367
0.7108433734939759
0.3097744360902256
0.5806451612903226
0.6384742951907131
0.5146198830409356
0.6145251396648045
0.4752851711026616
0.5338345864661654
0.5061349693251533
0.45490981963927857
0.6524590163934426
0.5694682675814752
0.6061855670103092
0.6270270270270271
0.5988023952095808
0.5585106382978723
0.4391891891891892
0.33454106280193235
0.5066371681415929
0.3665893271461717
0.49107142857142855
0.5732647814910026
0.6324582338902148
0.6348884381338742
0.5217391304347826
0.01565217391304348
0.5978090766823161
0.5226824457593688
0.42698191933240615
0.6267857142857143
0.4713375796178344
0.4432515337423313
0.5661835748792271
0.5813204508856683
0.5585585585585585
0.6363636363636364
0.4887525562372188
0.513317191283293
0.5607675906183369
0.5759599332220368
0.6126629422718808
0.5468354430379747
0.5208845208845209
0.6164596273291926
0.5159914712153518
0.35294117647058826
0.3050847457627119
0.5
0.5073891625615764
0.5506607929515418
0.43769968051118213
0.5561904761904762
0.5398089171974523
0.6447761194029851
0.47642679900744417
0.5400593471810089
0.5841209829867675
0.525390625
0.6037735849056604
0.664756446991404
0.5375722543352601
0.4977973568281938
0.43283582089552236
0.4106776180698152
0.6810344827586207
0.5456238361266295
0.5619266055045872
0.5208333333333334
0.5291375291375291
0.5456349206349206
0.5883977900552486
0.3408624229979466
0.45126353790613716
0.577922077922078
0.6277533039647577
0.5343035343035343
0.5521885521885522
0.5473684210526316
0.545816733067729
0.5483870967741935
0.5586206896551724
0.5378323108384458
0.5714285714285714
0.5794621026894865
0.6367521367521367
0.7108433734939759
0.3097744360902256
0.5806451612903226
0.6384742951907131
0.5146198830409356
0.6145251396648045
0.4752851711026616
0.5338345864661654
0.5061349693251533
0.45490981963927857
0.6524590163934426
0.5694682675814752
0.6061855670103092
0.6270270270270271
0.5988023952095808
0.5585106382978723
0.4391891891891892
0.33454106280193235
0.5066371681415929
0.3665893271461717
0.49107142857142855
0.5732647814910026
0.6324582338902148
0.6348884381338742
0.5217391304347826
0.01565217391304348
0.5978090766823161
0.5226824457593688
0.42698191933240615
0.6267857142857143
0.4713375796178344
0.4432515337423313
0.6454106280193237
0.5587761674718197
0.5788288288288288
0.5772727272727273
0.6319018404907976
0.46246973365617433
0.4626865671641791
0.4941569282136895
0.5418994413407822
0.4911392405063291
0.48402948402948404
0.5791925465838509
0.579957356076759
0.5549872122762148
0.3414043583535109
0.4444444444444444
0.4975369458128079
0.5506607929515418
0.4984025559105431
0.4552380952380952
0.5605095541401274
0.5701492537313433
0.456575682382134
0.5074183976261127
0.504725897920605
0.595703125
0.5540308747855918
0.5959885386819485
0.5144508670520231
0.5227606461086637
0.503731343283582
0.5379876796714579
0.6185344827586207
0.5381750465549349
0.536697247706422
0.59375
0.5011655011655012
0.5277777777777778
0.39779005524861877
0.42915811088295686
0.45126353790613716
0.4588744588744589
0.6101321585903083
0.5135135135135135
0.43602693602693604
0.5543859649122806
0.47410358565737054
0.5837173579109063
0.5517241379310345
0.3967280163599182
0.5886699507389163
0.5036674816625917
0.5056980056980057
0.6289156626506024
0.47218045112781953
0.4990512333965844
0.615257048092869
0.4444444444444444
0.553072625698324
0.4600760456273764
0.6259398496240601
0.5153374233128835
0.56312625250501
0.580327868852459
0.41680960548885077
0.5855670103092784
0.3918918918918919
0.5868263473053892
0.6037234042553191
0.5202702702702703
0.6123188405797102
0.6438053097345132
0.24361948955916474
0.5044642857142857
0.5578406169665809
0.48448687350835323
0.3995943204868154
0.5669565217391305
0.0052173913043478265
0.5367762128325508
0.5838264299802761
0.564673157162726
0.5517857142857143
0.4840764331210191
0.48006134969325154
0.5661835748792271
0.5813204508856683
0.5585585585585585
0.6363636363636364
0.4887525562372188
0.513317191283293
0.5607675906183369
0.5759599332220368
0.6126629422718808
0.5468354430379747
0.5208845208845209
0.6164596273291926
0.5159914712153518
0.35294117647058826
0.3050847457627119
0.5
0.5073891625615764
0.5506607929515418
0.43769968051118213
0.5561904761904762
0.5398089171974523
0.6447761194029851
0.47642679900744417
0.5400593471810089
0.5841209829867675
0.525390625
0.6037735849056604
0.664756446991404
0.5375722543352601
0.4977973568281938
0.43283582089552236
0.4106776180698152
0.6810344827586207
0.5456238361266295
0.5619266055045872
0.5208333333333334
0.5291375291375291
0.5456349206349206
0.5883977900552486
0.3408624229979466
0.45126353790613716
0.577922077922078
0.6277533039647577
0.5343035343035343
0.5521885521885522
0.5473684210526316
0.545816733067729
0.5483870967741935
0.5586206896551724
0.5378323108384458
0.5714285714285714
0.5794621026894865
0.6367521367521367
0.7108433734939759
0.3097744360902256
0.5806451612903226
0.6384742951907131
0.5146198830409356
0.6145251396648045
0.4752851711026616
0.5338345864661654
0.5061349693251533
0.45490981963927857
0.6524590163934426
0.5694682675814752
0.6061855670103092
0.6270270270270271
0.5988023952095808
0.5585106382978723
0.4391891891891892
0.33454106280193235
0.5066371681415929
0.3665893271461717
0.49107142857142855
0.5732647814910026
0.6324582338902148
0.6348884381338742
0.5217391304347826
0.01565217391304348
0.5978090766823161
0.5226824457593688
0.42698191933240615
0.6267857142857143
0.4713375796178344
0.4432515337423313
0.5661835748792271
0.5813204508856683
0.5585585585585585
0.6363636363636364
0.4887525562372188
0.513317191283293
0.5607675906183369
0.5759599332220368
0.6126629422718808
0.5468354430379747
0.5208845208845209
0.6164596273291926
0.5159914712153518
0.35294117647058826
0.3050847457627119
0.5
0.5073891625615764
0.5506607929515418
0.43769968051118213
0.5561904761904762
0.5398089171974523
0.6447761194029851
0.47642679900744417
0.5400593471810089
0.5841209829867675
0.525390625
0.6037735849056604
0.664756446991404
0.5375722543352601
0.4977973568281938
0.43283582089552236
0.4106776180698152
0.6810344827586207
0.5456238361266295
0.5619266055045872
0.5208333333333334
0.5291375291375291
0.5456349206349206
0.5883977900552486
0.3408624229979466
0.45126353790613716
0.577922077922078
0.6277533039647577
0.5343035343035343
0.5521885521885522
0.5473684210526316
0.545816733067729
0.5483870967741935
0.5586206896551724
0.5378323108384458
0.5714285714285714
0.5794621026894865
0.6367521367521367
0.7108433734939759
0.3097744360902256
0.5806451612903226
0.6384742951907131
0.5146198830409356
0.6145251396648045
0.4752851711026616
0.5338345864661654
0.5061349693251533
0.45490981963927857
0.6524590163934426
0.5694682675814752
0.6061855670103092
0.6270270270270271
0.5988023952095808
0.5585106382978723
0.4391891891891892
0.33454106280193235
0.5066371681415929
0.3665893271461717
0.49107142857142855
0.5732647814910026
0.6324582338902148
0.6348884381338742
0.5217391304347826
0.01565217391304348
0.5978090766823161
0.5226824457593688
0.42698191933240615
0.6267857142857143
0.4713375796178344
0.4432515337423313
