=================
=================
=================
per=0.6363636363636364
aij
0===================
0.24468085106382978
0.0
0.18085106382978725
0.0
0.14893617021276595
0.010638297872340425
0.0
0.0425531914893617
0.0
0.13829787234042554
0.0
0.23404255319148937

1===================
NaN
NaN
NaN
NaN
NaN
NaN
NaN
NaN
NaN
NaN
NaN
NaN

2===================
0.38028169014084506
0.0
0.09859154929577464
0.0
0.14084507042253522
0.0
0.0
0.07042253521126761
0.0
0.22535211267605634
0.0
0.08450704225352113

3===================
NaN
NaN
NaN
NaN
NaN
NaN
NaN
NaN
NaN
NaN
NaN
NaN

4===================
0.2033898305084746
0.0
0.4745762711864407
0.0
0.2033898305084746
0.0
0.0
0.1016949152542373
0.0
0.01694915254237288
0.0
0.0

5===================
0.0
0.0
0.0
0.0
0.38461538461538464
0.19230769230769232
0.0
0.4230769230769231
0.0
0.0
0.0
0.0

6===================
0.0
0.0
0.0
0.0
0.0
0.0
0.0
1.0
0.0
0.0
0.0
0.0

7===================
0.06349206349206349
0.0
0.0
0.0
0.15873015873015872
0.23809523809523808
0.015873015873015872
0.1746031746031746
0.09523809523809523
0.25396825396825395
0.0
0.0

8===================
0.0
0.0
0.0
0.0
0.3333333333333333
0.0
0.0
0.0
0.0
0.6666666666666666
0.0
0.0

9===================
0.19672131147540983
0.0
0.09836065573770492
0.0
0.0
0.08196721311475409
0.0
0.22950819672131148
0.0
0.11475409836065574
0.0
0.2786885245901639

10===================
NaN
NaN
NaN
NaN
NaN
NaN
NaN
NaN
NaN
NaN
NaN
NaN

11===================
0.29310344827586204
0.0
0.22413793103448276
0.0
0.0
0.0
0.0
0.1896551724137931
0.0
0.06896551724137931
0.0
0.22413793103448276

=================
=================
=================
=================
=================
per=0.6126629422718808
aij
0===================
0.2553191489361702
0.10638297872340426
0.0851063829787234
0.0
0.0
0.0
0.0
0.14893617021276595
0.0
0.0
0.19148936170212766
0.2127659574468085

1===================
1.0
0.0
0.0
0.0
0.0
0.0
0.0
0.0
0.0
0.0
0.0
0.0

2===================
0.0
0.0
0.4473684210526316
0.0
0.2631578947368421
0.0
0.0
0.15789473684210525
0.0
0.10526315789473684
0.0
0.02631578947368421

3===================
0.0
0.0
0.0
0.3333333333333333
0.0
0.16666666666666666
0.0
0.0
0.5
0.0
0.0
0.0

4===================
0.08888888888888889
0.0
0.13333333333333333
0.0
0.3111111111111111
0.0
0.1111111111111111
0.17777777777777778
0.022222222222222223
0.15555555555555556
0.0
0.0

5===================
0.0
0.0
0.0
0.16666666666666666
0.0
0.16666666666666666
0.0
0.6666666666666666
0.0
0.0
0.0
0.0

6===================
0.0
0.0
0.13513513513513514
0.0
0.08108108108108109
0.0
0.13513513513513514
0.5405405405405406
0.05405405405405406
0.0
0.0
0.05405405405405406

7===================
0.058333333333333334
0.0
0.05
0.0
0.06666666666666667
0.041666666666666664
0.18333333333333332
0.26666666666666666
0.075
0.24166666666666667
0.0
0.016666666666666666

8===================
0.0
0.0
0.0
0.07142857142857142
0.0
0.0
0.0
0.2619047619047619
0.40476190476190477
0.0
0.2619047619047619
0.0

9===================
0.0
0.0
0.0
0.0
0.08247422680412371
0.0
0.030927835051546393
0.31958762886597936
0.0
0.3402061855670103
0.0
0.2268041237113402

10===================
0.28125
0.0
0.0
0.0
0.0
0.0
0.0
0.03125
0.3125
0.0
0.375
0.0

11===================
0.16393442622950818
0.0
0.0
0.0
0.03278688524590164
0.0
0.03278688524590164
0.0
0.0
0.3770491803278688
0.0
0.39344262295081966

=================
=================
=================
per=0.6164596273291926
aij
0===================
NaN
NaN
NaN
NaN
NaN
NaN
NaN
NaN
NaN
NaN
NaN
NaN

1===================
0.0
0.21212121212121213
0.5757575757575758
0.0
0.030303030303030304
0.0
0.0
0.0
0.0
0.12121212121212122
0.0
0.06060606060606061

2===================
0.0
0.06976744186046512
0.6093023255813953
0.0
0.09767441860465116
0.0
0.08372093023255814
0.0
0.0
0.10697674418604651
0.0
0.03255813953488372

3===================
NaN
NaN
NaN
NaN
NaN
NaN
NaN
NaN
NaN
NaN
NaN
NaN

4===================
0.0
0.0
0.5066666666666667
0.0
0.09333333333333334
0.0
0.24
0.04
0.0
0.12
0.0
0.0

5===================
NaN
NaN
NaN
NaN
NaN
NaN
NaN
NaN
NaN
NaN
NaN
NaN

6===================
0.0
0.0
0.17391304347826086
0.0
0.2826086956521739
0.0
0.2391304347826087
0.2608695652173913
0.0
0.010869565217391304
0.0
0.03260869565217391

7===================
0.0
0.024390243902439025
0.0
0.0
0.04878048780487805
0.0
0.6585365853658537
0.07317073170731707
0.0
0.1951219512195122
0.0
0.0

8===================
NaN
NaN
NaN
NaN
NaN
NaN
NaN
NaN
NaN
NaN
NaN
NaN

9===================
0.0
0.04054054054054054
0.07432432432432433
0.0
0.12162162162162163
0.0
0.02027027027027027
0.07432432432432433
0.0
0.527027027027027
0.0
0.14189189189189189

10===================
NaN
NaN
NaN
NaN
NaN
NaN
NaN
NaN
NaN
NaN
NaN
NaN

11===================
0.0
0.10256410256410256
0.02564102564102564
0.0
0.0
0.0
0.10256410256410256
0.0
0.0
0.6153846153846154
0.0
0.15384615384615385

=================
=================
=================
=================
=================
=================
=================
=================
=================
=================
per=0.6447761194029851
aij
0===================
0.07894736842105263
0.0
0.5263157894736842
0.0
0.05263157894736842
0.0
0.0
0.07894736842105263
0.0
0.05263157894736842
0.0
0.21052631578947367

1===================
NaN
NaN
NaN
NaN
NaN
NaN
NaN
NaN
NaN
NaN
NaN
NaN

2===================
0.05555555555555555
0.0
0.2916666666666667
0.0
0.1527777777777778
0.0
0.09722222222222222
0.06944444444444445
0.0
0.16666666666666666
0.0
0.16666666666666666

3===================
NaN
NaN
NaN
NaN
NaN
NaN
NaN
NaN
NaN
NaN
NaN
NaN

4===================
0.18421052631578946
0.0
0.2631578947368421
0.0
0.5
0.0
0.05263157894736842
0.0
0.0
0.0
0.0
0.0

5===================
NaN
NaN
NaN
NaN
NaN
NaN
NaN
NaN
NaN
NaN
NaN
NaN

6===================
0.0
0.0
0.0
0.0
0.0
0.0
0.0
0.8461538461538461
0.0
0.0
0.0
0.15384615384615385

7===================
0.0392156862745098
0.0
0.09803921568627451
0.0
0.11764705882352941
0.0
0.0392156862745098
0.37254901960784315
0.0
0.2549019607843137
0.0
0.0784313725490196

8===================
NaN
NaN
NaN
NaN
NaN
NaN
NaN
NaN
NaN
NaN
NaN
NaN

9===================
0.0
0.0
0.022727272727272728
0.0
0.0
0.0
0.0
0.09090909090909091
0.0
0.2727272727272727
0.0
0.6136363636363636

10===================
NaN
NaN
NaN
NaN
NaN
NaN
NaN
NaN
NaN
NaN
NaN
NaN

11===================
0.28205128205128205
0.0
0.1794871794871795
0.0
0.0
0.0
0.02564102564102564
0.1282051282051282
0.0
0.0641025641025641
0.0
0.32051282051282054

=================
=================
=================
=================
=================
per=0.6037735849056604
aij
0===================
0.2222222222222222
0.0
0.2222222222222222
0.0
0.0
0.0
0.0
0.0
0.0
0.0
0.0
0.5555555555555556

1===================
NaN
NaN
NaN
NaN
NaN
NaN
NaN
NaN
NaN
NaN
NaN
NaN

2===================
0.05555555555555555
0.0
0.2361111111111111
0.0
0.2916666666666667
0.0
0.1527777777777778
0.1111111111111111
0.0
0.013888888888888888
0.0
0.1388888888888889

3===================
NaN
NaN
NaN
NaN
NaN
NaN
NaN
NaN
NaN
NaN
NaN
NaN

4===================
0.0
0.0
0.06557377049180328
0.0
0.4262295081967213
0.0
0.26229508196721313
0.2459016393442623
0.0
0.0
0.0
0.0

5===================
NaN
NaN
NaN
NaN
NaN
NaN
NaN
NaN
NaN
NaN
NaN
NaN

6===================
0.0
0.0
0.0
0.0
0.0
0.0
0.1590909090909091
0.8409090909090909
0.0
0.0
0.0
0.0

7===================
0.02197802197802198
0.0
0.027472527472527472
0.0
0.04395604395604396
0.0
0.2032967032967033
0.32967032967032966
0.0
0.2032967032967033
0.0
0.17032967032967034

8===================
NaN
NaN
NaN
NaN
NaN
NaN
NaN
NaN
NaN
NaN
NaN
NaN

9===================
0.0
0.0
0.17073170731707318
0.0
0.07317073170731707
0.0
0.07317073170731707
0.2682926829268293
0.0
0.12195121951219512
0.0
0.2926829268292683

10===================
NaN
NaN
NaN
NaN
NaN
NaN
NaN
NaN
NaN
NaN
NaN
NaN

11===================
0.0759493670886076
0.0
0.35443037974683544
0.0
0.0
0.0
0.05063291139240506
0.05063291139240506
0.0
0.4177215189873418
0.0
0.05063291139240506

=================
per=0.664756446991404
aij
0===================
NaN
NaN
NaN
NaN
NaN
NaN
NaN
NaN
NaN
NaN
NaN
NaN

1===================
0.0
0.0
0.8
0.0
0.0
0.0
0.0
0.0
0.0
0.0
0.0
0.2

2===================
0.0
0.19672131147540983
0.13114754098360656
0.0
0.22950819672131148
0.0
0.18032786885245902
0.0
0.0
0.16393442622950818
0.0
0.09836065573770492

3===================
NaN
NaN
NaN
NaN
NaN
NaN
NaN
NaN
NaN
NaN
NaN
NaN

4===================
0.0
0.0
0.4339622641509434
0.0
0.18867924528301888
0.0
0.3584905660377358
0.018867924528301886
0.0
0.0
0.0
0.0

5===================
0.0
0.0
0.0
0.0
0.0
0.0
1.0
0.0
0.0
0.0
0.0
0.0

6===================
0.0
0.0
0.12087912087912088
0.0
0.25274725274725274
0.08791208791208792
0.16483516483516483
0.21978021978021978
0.0
0.04395604395604396
0.0
0.10989010989010989

7===================
0.0
0.0
0.0
0.0
0.0
0.0
0.7333333333333333
0.0
0.0
0.26666666666666666
0.0
0.0

8===================
NaN
NaN
NaN
NaN
NaN
NaN
NaN
NaN
NaN
NaN
NaN
NaN

9===================
0.0
0.0
0.0
0.0
0.09523809523809523
0.0
0.09523809523809523
0.5714285714285714
0.0
0.14285714285714285
0.0
0.09523809523809523

10===================
NaN
NaN
NaN
NaN
NaN
NaN
NaN
NaN
NaN
NaN
NaN
NaN

11===================
0.0
0.2857142857142857
0.14285714285714285
0.0
0.07142857142857142
0.0
0.0
0.0
0.0
0.35714285714285715
0.0
0.14285714285714285

=================
=================
=================
=================
=================
per=0.6810344827586207
aij
0===================
0.2558139534883721
0.0
0.32558139534883723
0.0
0.0
0.16279069767441862
0.0
0.06976744186046512
0.0
0.13953488372093023
0.046511627906976744
0.0

1===================
NaN
NaN
NaN
NaN
NaN
NaN
NaN
NaN
NaN
NaN
NaN
NaN

2===================
0.44
0.0
0.04
0.0
0.0
0.48
0.0
0.04
0.0
0.0
0.0
0.0

3===================
NaN
NaN
NaN
NaN
NaN
NaN
NaN
NaN
NaN
NaN
NaN
NaN

4===================
0.10638297872340426
0.0
0.07446808510638298
0.0
0.4787234042553192
0.24468085106382978
0.0
0.0851063829787234
0.0
0.010638297872340425
0.0
0.0

5===================
0.04225352112676056
0.0
0.007042253521126761
0.0
0.19014084507042253
0.5070422535211268
0.0
0.21830985915492956
0.0
0.007042253521126761
0.028169014084507043
0.0

6===================
NaN
NaN
NaN
NaN
NaN
NaN
NaN
NaN
NaN
NaN
NaN
NaN

7===================
0.0
0.0
0.0
0.0
0.03333333333333333
0.31666666666666665
0.0
0.08333333333333333
0.0
0.4166666666666667
0.15
0.0

8===================
NaN
NaN
NaN
NaN
NaN
NaN
NaN
NaN
NaN
NaN
NaN
NaN

9===================
0.0
0.0
0.013157894736842105
0.0
0.2631578947368421
0.10526315789473684
0.0
0.15789473684210525
0.0
0.35526315789473684
0.10526315789473684
0.0

10===================
0.21739130434782608
0.0
0.043478260869565216
0.0
0.0
0.0
0.0
0.0
0.0
0.7391304347826086
0.0
0.0

11===================
NaN
NaN
NaN
NaN
NaN
NaN
NaN
NaN
NaN
NaN
NaN
NaN

=================
=================
=================
=================
=================
=================
=================
=================
=================
=================
per=0.6277533039647577
aij
0===================
0.0
0.6111111111111112
0.0
0.0
0.0
0.0
0.0
0.0
0.16666666666666666
0.0
0.2222222222222222
0.0

1===================
0.11538461538461539
0.32051282051282054
0.0
0.23076923076923078
0.0
0.15384615384615385
0.0
0.0
0.11538461538461539
0.0
0.0641025641025641
0.0

2===================
NaN
NaN
NaN
NaN
NaN
NaN
NaN
NaN
NaN
NaN
NaN
NaN

3===================
0.0
0.2
0.0
0.4
0.0
0.4
0.0
0.0
0.0
0.0
0.0
0.0

4===================
NaN
NaN
NaN
NaN
NaN
NaN
NaN
NaN
NaN
NaN
NaN
NaN

5===================
0.0
0.05454545454545454
0.0
0.21818181818181817
0.0
0.32727272727272727
0.2727272727272727
0.0
0.09090909090909091
0.0
0.03636363636363636
0.0

6===================
0.0
0.06666666666666667
0.0
0.13333333333333333
0.0
0.6
0.06666666666666667
0.0
0.13333333333333333
0.0
0.0
0.0

7===================
NaN
NaN
NaN
NaN
NaN
NaN
NaN
NaN
NaN
NaN
NaN
NaN

8===================
0.0
0.14285714285714285
0.0
0.047619047619047616
0.0
0.0
0.19047619047619047
0.0
0.47619047619047616
0.0
0.14285714285714285
0.0

9===================
NaN
NaN
NaN
NaN
NaN
NaN
NaN
NaN
NaN
NaN
NaN
NaN

10===================
0.1836734693877551
0.12244897959183673
0.0
0.061224489795918366
0.0
0.0
0.0
0.0
0.08163265306122448
0.0
0.5510204081632653
0.0

11===================
NaN
NaN
NaN
NaN
NaN
NaN
NaN
NaN
NaN
NaN
NaN
NaN

=================
=================
=================
=================
=================
=================
=================
=================
=================
=================
per=0.6367521367521367
aij
0===================
0.15384615384615385
0.5384615384615384
0.0
0.0
0.0
0.0
0.0
0.0
0.15384615384615385
0.0
0.15384615384615385
0.0

1===================
0.2074074074074074
0.26666666666666666
0.05925925925925926
0.17037037037037037
0.0
0.06666666666666667
0.02962962962962963
0.0
0.1037037037037037
0.02962962962962963
0.06666666666666667
0.0

2===================
0.0
0.32142857142857145
0.25
0.0
0.2857142857142857
0.0
0.07142857142857142
0.0
0.0
0.0
0.0
0.07142857142857142

3===================
0.06481481481481481
0.2962962962962963
0.0
0.49074074074074076
0.009259259259259259
0.08333333333333333
0.0
0.0
0.009259259259259259
0.0
0.046296296296296294
0.0

4===================
0.0
0.07894736842105263
0.15789473684210525
0.0
0.5789473684210527
0.02631578947368421
0.15789473684210525
0.0
0.0
0.0
0.0
0.0

5===================
0.0
0.10891089108910891
0.0
0.18811881188118812
0.009900990099009901
0.42574257425742573
0.16831683168316833
0.0
0.0891089108910891
0.0
0.009900990099009901
0.0

6===================
0.0
0.0
0.0375
0.15
0.0375
0.2
0.3875
0.05
0.0875
0.0
0.05
0.0

7===================
0.0
0.0
0.0
0.0
0.3
0.0
0.1
0.2
0.0
0.2
0.0
0.2

8===================
0.0
0.08536585365853659
0.0
0.012195121951219513
0.0
0.23170731707317074
0.17073170731707318
0.0
0.34146341463414637
0.024390243902439025
0.13414634146341464
0.0

9===================
0.0
0.0
0.18181818181818182
0.0
0.0
0.0
0.0
0.18181818181818182
0.0
0.2727272727272727
0.18181818181818182
0.18181818181818182

10===================
0.19148936170212766
0.1702127659574468
0.0
0.0
0.0
0.0851063829787234
0.0851063829787234
0.0
0.3191489361702128
0.0
0.14893617021276595
0.0

11===================
0.0
0.0
0.2222222222222222
0.0
0.0
0.0
0.1111111111111111
0.2222222222222222
0.0
0.1111111111111111
0.0
0.3333333333333333

=================
per=0.7108433734939759
aij
0===================
NaN
NaN
NaN
NaN
NaN
NaN
NaN
NaN
NaN
NaN
NaN
NaN

1===================
0.0
0.2553191489361702
0.0
0.19148936170212766
0.0
0.06382978723404255
0.23404255319148937
0.0
0.0
0.0
0.2553191489361702
0.0

2===================
NaN
NaN
NaN
NaN
NaN
NaN
NaN
NaN
NaN
NaN
NaN
NaN

3===================
0.0
0.6666666666666666
0.0
0.0
0.0
0.3333333333333333
0.0
0.0
0.0
0.0
0.0
0.0

4===================
NaN
NaN
NaN
NaN
NaN
NaN
NaN
NaN
NaN
NaN
NaN
NaN

5===================
0.0
0.42857142857142855
0.0
0.0
0.0
0.14285714285714285
0.2857142857142857
0.0
0.14285714285714285
0.0
0.0
0.0

6===================
0.0
0.04310344827586207
0.0
0.0
0.0
0.07758620689655173
0.3879310344827586
0.0
0.3103448275862069
0.0
0.1810344827586207
0.0

7===================
NaN
NaN
NaN
NaN
NaN
NaN
NaN
NaN
NaN
NaN
NaN
NaN

8===================
0.0
0.0
0.0
0.0
0.0
0.0
0.3493975903614458
0.0
0.37349397590361444
0.0
0.27710843373493976
0.0

9===================
NaN
NaN
NaN
NaN
NaN
NaN
NaN
NaN
NaN
NaN
NaN
NaN

10===================
0.0
0.046153846153846156
0.0
0.0
0.0
0.023076923076923078
0.2
0.0
0.1
0.0
0.5692307692307692
0.06153846153846154

11===================
0.0
1.0
0.0
0.0
0.0
0.0
0.0
0.0
0.0
0.0
0.0
0.0

=================
=================
=================
per=0.6384742951907131
aij
0===================
0.0
0.0
0.0
0.0
0.0
0.0
0.0
0.0
1.0
0.0
0.0
0.0

1===================
0.0
0.4367816091954023
0.0
0.25287356321839083
0.04597701149425287
0.0
0.011494252873563218
0.0
0.0
0.0
0.0
0.25287356321839083

2===================
NaN
NaN
NaN
NaN
NaN
NaN
NaN
NaN
NaN
NaN
NaN
NaN

3===================
0.0
0.07894736842105263
0.0
0.0
0.9210526315789473
0.0
0.0
0.0
0.0
0.0
0.0
0.0

4===================
0.0
0.10666666666666667
0.0
0.10666666666666667
0.38
0.0
0.16666666666666666
0.0
0.07333333333333333
0.14
0.0
0.02666666666666667

5===================
NaN
NaN
NaN
NaN
NaN
NaN
NaN
NaN
NaN
NaN
NaN
NaN

6===================
0.0
0.0
0.0
0.0
0.375
0.0
0.2875
0.0
0.3375
0.0
0.0
0.0

7===================
NaN
NaN
NaN
NaN
NaN
NaN
NaN
NaN
NaN
NaN
NaN
NaN

8===================
0.0
0.0
0.0
0.0
0.2375
0.0
0.3375
0.0
0.05
0.2625
0.0
0.1125

9===================
0.0
0.0
0.0
0.0
0.0379746835443038
0.0
0.012658227848101266
0.0
0.3291139240506329
0.1518987341772152
0.0
0.46835443037974683

10===================
NaN
NaN
NaN
NaN
NaN
NaN
NaN
NaN
NaN
NaN
NaN
NaN

11===================
0.047619047619047616
0.35714285714285715
0.0
0.0
0.023809523809523808
0.0
0.03571428571428571
0.0
0.09523809523809523
0.2976190476190476
0.0
0.14285714285714285

=================
=================
per=0.6145251396648045
aij
0===================
0.4246575342465753
0.1917808219178082
0.0
0.0684931506849315
0.0
0.0
0.0
0.0
0.0958904109589041
0.0
0.2191780821917808
0.0

1===================
0.6538461538461539
0.2692307692307692
0.0
0.07692307692307693
0.0
0.0
0.0
0.0
0.0
0.0
0.0
0.0

2===================
0.0
0.0
0.0
1.0
0.0
0.0
0.0
0.0
0.0
0.0
0.0
0.0

3===================
0.23636363636363636
0.05454545454545454
0.01818181818181818
0.3090909090909091
0.0
0.2
0.0
0.0
0.01818181818181818
0.0
0.16363636363636364
0.0

4===================
NaN
NaN
NaN
NaN
NaN
NaN
NaN
NaN
NaN
NaN
NaN
NaN

5===================
0.045454545454545456
0.0
0.0
0.1590909090909091
0.0
0.4090909090909091
0.045454545454545456
0.29545454545454547
0.0
0.0
0.045454545454545456
0.0

6===================
0.0
0.0
0.0
0.0
0.0
0.0
0.0
0.0
0.75
0.0
0.0
0.25

7===================
0.0
0.0
0.0
0.09090909090909091
0.0
0.09090909090909091
0.0
0.13636363636363635
0.6363636363636364
0.0
0.045454545454545456
0.0

8===================
0.0547945205479452
0.0136986301369863
0.0
0.1917808219178082
0.0
0.1232876712328767
0.0273972602739726
0.0821917808219178
0.2602739726027397
0.0
0.2191780821917808
0.0273972602739726

9===================
NaN
NaN
NaN
NaN
NaN
NaN
NaN
NaN
NaN
NaN
NaN
NaN

10===================
0.10714285714285714
0.017857142857142856
0.0
0.125
0.0
0.05357142857142857
0.0
0.0
0.5357142857142857
0.0
0.16071428571428573
0.0

11===================
0.0
0.0
0.0
0.0
0.0
0.0
0.0
0.0
0.0
0.0
1.0
0.0

=================
=================
=================
=================
=================
per=0.6524590163934426
aij
0===================
NaN
NaN
NaN
NaN
NaN
NaN
NaN
NaN
NaN
NaN
NaN
NaN

1===================
0.0
0.03125
0.5
0.0
0.03125
0.0
0.0
0.0
0.0
0.03125
0.0
0.40625

2===================
0.0
0.1623931623931624
0.41025641025641024
0.0
0.23076923076923078
0.0
0.08547008547008547
0.0
0.0
0.02564102564102564
0.0
0.08547008547008547

3===================
NaN
NaN
NaN
NaN
NaN
NaN
NaN
NaN
NaN
NaN
NaN
NaN

4===================
0.0
0.0
0.25925925925925924
0.0
0.2716049382716049
0.0
0.345679012345679
0.012345679012345678
0.0
0.04938271604938271
0.037037037037037035
0.024691358024691357

5===================
NaN
NaN
NaN
NaN
NaN
NaN
NaN
NaN
NaN
NaN
NaN
NaN

6===================
0.0
0.0
0.14166666666666666
0.0
0.19166666666666668
0.0
0.25
0.2833333333333333
0.0
0.125
0.0
0.008333333333333333

7===================
0.0
0.0
0.0
0.0
0.0
0.0
0.3493975903614458
0.30120481927710846
0.0
0.26506024096385544
0.0
0.08433734939759036

8===================
NaN
NaN
NaN
NaN
NaN
NaN
NaN
NaN
NaN
NaN
NaN
NaN

9===================
0.0
0.0
0.025210084033613446
0.0
0.04201680672268908
0.0
0.18487394957983194
0.16806722689075632
0.0
0.42016806722689076
0.0
0.15966386554621848

10===================
0.0
0.0
0.0
0.0
1.0
0.0
0.0
0.0
0.0
0.0
0.0
0.0

11===================
0.0
0.2222222222222222
0.2037037037037037
0.0
0.0
0.0
0.037037037037037035
0.05555555555555555
0.0
0.4444444444444444
0.0
0.037037037037037035

=================
=================
per=0.6061855670103092
aij
0===================
0.0
0.0
0.5
0.0
0.0
0.0
0.0
0.0
0.0
0.0
0.0
0.5

1===================
0.0
0.14035087719298245
0.0
0.07017543859649122
0.43859649122807015
0.0
0.0
0.0
0.07017543859649122
0.0
0.0
0.2807017543859649

2===================
0.0
0.0
0.0
0.16666666666666666
0.5
0.0
0.0
0.0
0.0
0.0
0.0
0.3333333333333333

3===================
0.0
0.3
0.0
0.2
0.4
0.0
0.0
0.0
0.1
0.0
0.0
0.0

4===================
0.0
0.22123893805309736
0.035398230088495575
0.18584070796460178
0.20353982300884957
0.0
0.1592920353982301
0.035398230088495575
0.12389380530973451
0.035398230088495575
0.0
0.0

5===================
NaN
NaN
NaN
NaN
NaN
NaN
NaN
NaN
NaN
NaN
NaN
NaN

6===================
0.0
0.0
0.0
0.0
0.5060240963855421
0.0
0.1686746987951807
0.0
0.27710843373493976
0.0
0.0
0.04819277108433735

7===================
0.0
0.0
0.0
0.0
0.0
0.0
1.0
0.0
0.0
0.0
0.0
0.0

8===================
0.0
0.11538461538461539
0.0
0.0
0.038461538461538464
0.0
0.3942307692307692
0.0
0.3173076923076923
0.057692307692307696
0.0
0.07692307692307693

9===================
0.0
0.0
0.0
0.0
0.0
0.0
0.0
0.0
0.6666666666666666
0.0
0.0
0.3333333333333333

10===================
NaN
NaN
NaN
NaN
NaN
NaN
NaN
NaN
NaN
NaN
NaN
NaN

11===================
0.06557377049180328
0.0
0.0
0.09836065573770492
0.0
0.0
0.09836065573770492
0.0
0.29508196721311475
0.03278688524590164
0.0
0.4098360655737705

=================
per=0.6270270270270271
aij
0===================
0.18181818181818182
0.12987012987012986
0.0
0.03896103896103896
0.0
0.03896103896103896
0.0
0.0
0.23376623376623376
0.0
0.37662337662337664
0.0

1===================
0.5555555555555556
0.0
0.0
0.4444444444444444
0.0
0.0
0.0
0.0
0.0
0.0
0.0
0.0

2===================
NaN
NaN
NaN
NaN
NaN
NaN
NaN
NaN
NaN
NaN
NaN
NaN

3===================
0.28888888888888886
0.17777777777777778
0.0
0.13333333333333333
0.0
0.13333333333333333
0.0
0.0
0.2
0.0
0.06666666666666667
0.0

4===================
NaN
NaN
NaN
NaN
NaN
NaN
NaN
NaN
NaN
NaN
NaN
NaN

5===================
0.04054054054054054
0.0
0.0
0.2702702702702703
0.0
0.2702702702702703
0.0
0.22972972972972974
0.0
0.0
0.1891891891891892
0.0

6===================
NaN
NaN
NaN
NaN
NaN
NaN
NaN
NaN
NaN
NaN
NaN
NaN

7===================
0.0
0.0
0.0
0.0
0.0
0.3225806451612903
0.0
0.0
0.6774193548387096
0.0
0.0
0.0

8===================
0.05172413793103448
0.0
0.0
0.05172413793103448
0.0
0.5517241379310345
0.0
0.1206896551724138
0.034482758620689655
0.0
0.1896551724137931
0.0

9===================
NaN
NaN
NaN
NaN
NaN
NaN
NaN
NaN
NaN
NaN
NaN
NaN

10===================
0.5
0.0
0.0
0.07575757575757576
0.0
0.045454545454545456
0.0
0.10606060606060606
0.13636363636363635
0.0
0.13636363636363635
0.0

11===================
NaN
NaN
NaN
NaN
NaN
NaN
NaN
NaN
NaN
NaN
NaN
NaN

=================
=================
=================
=================
=================
=================
=================
=================
=================
per=0.6324582338902148
aij
0===================
NaN
NaN
NaN
NaN
NaN
NaN
NaN
NaN
NaN
NaN
NaN
NaN

1===================
0.0
0.2727272727272727
0.0
0.2
0.0
0.07272727272727272
0.0
0.0
0.05454545454545454
0.0
0.10909090909090909
0.2909090909090909

2===================
NaN
NaN
NaN
NaN
NaN
NaN
NaN
NaN
NaN
NaN
NaN
NaN

3===================
0.0
0.21621621621621623
0.0
0.2972972972972973
0.0
0.24324324324324326
0.21621621621621623
0.0
0.0
0.0
0.02702702702702703
0.0

4===================
NaN
NaN
NaN
NaN
NaN
NaN
NaN
NaN
NaN
NaN
NaN
NaN

5===================
0.0
0.2033898305084746
0.0
0.23728813559322035
0.0
0.15254237288135594
0.3389830508474576
0.0
0.03389830508474576
0.0
0.03389830508474576
0.0

6===================
0.0
0.0425531914893617
0.0
0.2553191489361702
0.0
0.19148936170212766
0.2553191489361702
0.0
0.1595744680851064
0.0
0.05319148936170213
0.0425531914893617

7===================
NaN
NaN
NaN
NaN
NaN
NaN
NaN
NaN
NaN
NaN
NaN
NaN

8===================
0.0
0.02040816326530612
0.0
0.0
0.0
0.20408163265306123
0.4489795918367347
0.0
0.12244897959183673
0.0
0.20408163265306123
0.0

9===================
NaN
NaN
NaN
NaN
NaN
NaN
NaN
NaN
NaN
NaN
NaN
NaN

10===================
0.0
0.07692307692307693
0.0
0.0
0.0
0.0
0.17307692307692307
0.0
0.4423076923076923
0.0
0.09615384615384616
0.21153846153846154

11===================
0.0
0.08571428571428572
0.0
0.08571428571428572
0.0
0.0
0.11428571428571428
0.0
0.0
0.0
0.6
0.11428571428571428

=================
per=0.6348884381338742
aij
0===================
0.32142857142857145
0.0
0.14285714285714285
0.0
0.0
0.0
0.0
0.03571428571428571
0.0
0.0
0.5
0.0

1===================
0.0
0.3037974683544304
0.0
0.0
0.0
0.0
0.17721518987341772
0.0
0.0
0.0759493670886076
0.0
0.4430379746835443

2===================
0.375
0.375
0.0
0.0
0.125
0.0
0.0
0.0
0.0
0.0
0.125
0.0

3===================
0.0
0.0
1.0
0.0
0.0
0.0
0.0
0.0
0.0
0.0
0.0
0.0

4===================
0.0
0.2
0.1
0.0
0.5
0.0
0.2
0.0
0.0
0.0
0.0
0.0

5===================
NaN
NaN
NaN
NaN
NaN
NaN
NaN
NaN
NaN
NaN
NaN
NaN

6===================
0.0
0.10843373493975904
0.0
0.0
0.0963855421686747
0.0
0.5662650602409639
0.012048192771084338
0.0963855421686747
0.12048192771084337
0.0
0.0

7===================
0.1111111111111111
0.0
0.0
0.0
0.0
0.0
0.0
0.2222222222222222
0.0
0.2222222222222222
0.4444444444444444
0.0

8===================
0.0
0.18181818181818182
0.0
0.0
0.0
0.0
0.5454545454545454
0.0
0.2727272727272727
0.0
0.0
0.0

9===================
0.0
0.16666666666666666
0.05555555555555555
0.0
0.0
0.0
0.06481481481481481
0.05555555555555555
0.0
0.2777777777777778
0.0
0.37962962962962965

10===================
0.4
0.0
0.06666666666666667
0.06666666666666667
0.0
0.0
0.0
0.0
0.0
0.13333333333333333
0.3333333333333333
0.0

11===================
0.0
0.14150943396226415
0.0
0.0
0.0
0.0
0.04716981132075472
0.0
0.0
0.5283018867924528
0.0
0.2830188679245283

=================
=================
=================
=================
=================
=================
per=0.6267857142857143
aij
0===================
0.2
0.0
0.2857142857142857
0.0
0.0
0.0
0.0
0.0
0.0
0.0
0.17142857142857143
0.34285714285714286

1===================
0.0
0.0
0.14285714285714285
0.0
0.21428571428571427
0.07142857142857142
0.0
0.0
0.0
0.07142857142857142
0.0
0.5

2===================
0.07692307692307693
0.038461538461538464
0.07692307692307693
0.0
0.28846153846153844
0.019230769230769232
0.019230769230769232
0.0673076923076923
0.0
0.019230769230769232
0.009615384615384616
0.38461538461538464

3===================
0.0
0.0
0.0
0.25
0.75
0.0
0.0
0.0
0.0
0.0
0.0
0.0

4===================
0.0
0.08602150537634409
0.4731182795698925
0.021505376344086023
0.06451612903225806
0.0
0.26881720430107525
0.021505376344086023
0.0
0.021505376344086023
0.0
0.043010752688172046

5===================
0.2857142857142857
0.14285714285714285
0.14285714285714285
0.0
0.0
0.0
0.0
0.2857142857142857
0.0
0.0
0.14285714285714285
0.0

6===================
0.0
0.0
0.07142857142857142
0.047619047619047616
0.47619047619047616
0.0
0.023809523809523808
0.35714285714285715
0.023809523809523808
0.0
0.0
0.0

7===================
0.06315789473684211
0.0
0.2
0.021052631578947368
0.12631578947368421
0.042105263157894736
0.1368421052631579
0.16842105263157894
0.0
0.10526315789473684
0.021052631578947368
0.11578947368421053

8===================
0.0
0.0
0.0
0.0
0.0
0.0
0.0
0.0
0.0
1.0
0.0
0.0

9===================
0.0
0.019230769230769232
0.057692307692307696
0.0
0.11538461538461539
0.0
0.019230769230769232
0.4423076923076923
0.019230769230769232
0.09615384615384616
0.0
0.23076923076923078

10===================
0.23076923076923078
0.0
0.15384615384615385
0.0
0.0
0.0
0.0
0.38461538461538464
0.0
0.0
0.23076923076923078
0.0

11===================
0.09574468085106383
0.0
0.1276595744680851
0.0
0.10638297872340426
0.0
0.0
0.26595744680851063
0.0
0.32978723404255317
0.0
0.07446808510638298

=================
=================
=================
