0.001932367149758454
0.0
0.009009009009009009
0.0022727272727272726
0.0
0.0
0.0
0.0
0.0
0.0
0.002457002457002457
0.0
0.008528784648187633
0.0
0.1162227602905569
0.0
0.03694581280788178
0.013215859030837005
0.038338658146964855
0.0
0.0
0.03582089552238806
0.0
0.020771513353115726
0.01890359168241966
0.0
0.015437392795883362
0.0
0.01348747591522158
0.0
0.0
0.014373716632443531
0.0
0.0
0.0
0.020833333333333332
0.0
0.0
0.0
0.028747433264887063
0.061371841155234655
0.0
0.006607929515418502
0.02079002079002079
0.008417508417508417
0.0017543859649122807
0.0
0.0
0.0
0.006134969325153374
0.0
0.0
0.0
0.0
0.055639097744360905
0.0
0.0
0.001949317738791423
0.0
0.08745247148288973
0.02443609022556391
0.0
0.0
0.001639344262295082
0.0
0.0
0.008108108108108109
0.0
0.0
0.002702702702702703
0.0012077294685990338
0.0
0.0
0.0
0.0
0.00954653937947494
0.0
0.0
0.057391304347826085
0.0
0.0
0.04033379694019471
0.0
0.0
0.0
0.001932367149758454
0.0
0.009009009009009009
0.0022727272727272726
0.0
0.0
0.0
0.0
0.0
0.0
0.002457002457002457
0.0
0.001932367149758454
0.0
0.009009009009009009
0.0022727272727272726
0.0
0.0
0.0
0.0
0.0
0.0
0.002457002457002457
0.0
0.008528784648187633
0.0
0.1162227602905569
0.0
0.03694581280788178
0.013215859030837005
0.038338658146964855
0.0
0.0
0.03582089552238806
0.0
0.020771513353115726
0.01890359168241966
0.0
0.015437392795883362
0.0
0.01348747591522158
0.0
0.0
0.014373716632443531
0.0
0.0
0.0
0.020833333333333332
0.0
0.0
0.0
0.028747433264887063
0.061371841155234655
0.0
0.006607929515418502
0.02079002079002079
0.008417508417508417
0.0017543859649122807
0.0
0.0
0.0
0.006134969325153374
0.0
0.0
0.0
0.0
0.055639097744360905
0.0
0.0
0.001949317738791423
0.0
0.08745247148288973
0.02443609022556391
0.0
0.0
0.001639344262295082
0.0
0.0
0.008108108108108109
0.0
0.0
0.002702702702702703
0.0012077294685990338
0.0
0.0
0.0
0.0
0.00954653937947494
0.0
0.0
0.057391304347826085
0.0
0.0
0.04033379694019471
0.0
0.0
0.0
0.001932367149758454
0.0
0.009009009009009009
0.0022727272727272726
0.0
0.0
0.0
0.001932367149758454
0.0
0.009009009009009009
0.0022727272727272726
0.0
0.0
0.0
0.001932367149758454
0.0
0.009009009009009009
0.0022727272727272726
0.0
0.0
0.0
0.0
0.0
0.0
0.002457002457002457
0.0
0.008528784648187633
0.0
0.1162227602905569
0.0
0.03694581280788178
0.013215859030837005
0.038338658146964855
0.0
0.0
0.03582089552238806
0.0
0.020771513353115726
0.01890359168241966
0.0
0.015437392795883362
0.0
0.01348747591522158
0.0
0.0
0.014373716632443531
0.0
0.0
0.0
0.020833333333333332
0.0
0.0
0.0
0.028747433264887063
0.061371841155234655
0.0
0.006607929515418502
0.02079002079002079
0.008417508417508417
0.0017543859649122807
0.0
0.0
0.0
0.006134969325153374
0.0
0.0
0.0
0.0
0.055639097744360905
0.0
0.0
0.001949317738791423
0.0
0.08745247148288973
0.02443609022556391
0.0
0.0
0.001639344262295082
0.0
0.0
0.008108108108108109
0.0
0.0
0.002702702702702703
0.0012077294685990338
0.0
0.0
0.0
0.0
0.00954653937947494
0.0
0.0
0.057391304347826085
0.0
0.0
0.04033379694019471
0.0
0.0
0.0
0.001932367149758454
0.0
0.009009009009009009
0.0022727272727272726
0.0
0.0
0.0
0.0
0.0
0.0
0.002457002457002457
0.0
0.008528784648187633
0.0
0.1162227602905569
0.0
0.03694581280788178
0.013215859030837005
0.038338658146964855
0.0
0.0
0.03582089552238806
0.0
0.020771513353115726
0.01890359168241966
0.0
0.015437392795883362
0.0
0.01348747591522158
0.0
0.0
0.014373716632443531
0.0
0.0
0.0
0.020833333333333332
0.0
0.0
0.0
0.028747433264887063
0.061371841155234655
0.0
0.006607929515418502
0.02079002079002079
0.008417508417508417
0.0017543859649122807
0.0
0.0
0.0
0.006134969325153374
0.0
0.0
0.0
0.0
0.055639097744360905
0.0
0.0
0.001949317738791423
0.0
0.08745247148288973
0.02443609022556391
0.0
0.0
0.001639344262295082
0.0
0.0
0.008108108108108109
0.0
0.0
0.002702702702702703
0.0012077294685990338
0.0
0.0
0.0
0.0
0.00954653937947494
0.0
0.0
0.057391304347826085
0.0
0.0
0.04033379694019471
0.0
0.0
0.0
0.0
0.0
0.0
0.0
0.006134969325153374
0.0
0.0
0.0
0.0
0.0
0.0
0.0
0.0
0.0
0.021791767554479417
0.0
0.0049261083743842365
0.0
0.02875399361022364
0.0
0.0
0.0
0.0
0.0
0.005671077504725898
0.0
0.0
0.0
0.0019267822736030828
0.0
0.0
0.01642710472279261
0.0
0.0
0.0
0.0
0.0
0.0
0.0
0.002053388090349076
0.0
0.0
0.006607929515418502
0.0
0.0
0.005263157894736842
0.0
0.0
0.0
0.0
0.0
0.0
0.0
0.0
0.015037593984962405
0.0
0.0
0.0
0.0
0.022813688212927757
0.0
0.0
0.0
0.0
0.0
0.0
0.0
0.0
0.0
0.004054054054054054
0.004830917874396135
0.0
0.0
0.0
0.0
0.00477326968973747
0.0
0.0
0.01565217391304348
0.0
0.0
0.0013908205841446453
0.0
0.0
0.0
0.0
0.0
0.0
0.0
0.006134969325153374
0.0
0.0
0.0
0.0
0.0
0.0
0.0
0.0
0.0
0.021791767554479417
0.0
0.0049261083743842365
0.0
0.02875399361022364
0.0
0.0
0.0
0.0
0.0
0.005671077504725898
0.0
0.0
0.0
0.0019267822736030828
0.0
0.0
0.01642710472279261
0.0
0.0
0.0
0.0
0.0
0.0
0.0
0.002053388090349076
0.0
0.0
0.006607929515418502
0.0
0.0
0.005263157894736842
0.0
0.0
0.0
0.0
0.0
0.0
0.0
0.0
0.015037593984962405
0.0
0.0
0.0
0.0
0.022813688212927757
0.0
0.0
0.0
0.0
0.0
0.0
0.0
0.0
0.0
0.004054054054054054
0.004830917874396135
0.0
0.0
0.0
0.0
0.00477326968973747
0.0
0.0
0.01565217391304348
0.0
0.0
0.0013908205841446453
0.0
0.0
0.0
0.0
0.0
0.0
0.0
0.006134969325153374
0.0
0.0
0.0
0.0
0.0
0.0
0.0
0.0
0.0
0.021791767554479417
0.0
0.0049261083743842365
0.0
0.02875399361022364
0.0
0.0
0.0
0.0
0.0
0.005671077504725898
0.0
0.0
0.0
0.0019267822736030828
0.0
0.0
0.01642710472279261
0.0
0.0
0.0
0.0
0.0
0.0
0.0
0.002053388090349076
0.0
0.0
0.006607929515418502
0.0
0.0
0.005263157894736842
0.0
0.0
0.0
0.0
0.0
0.0
0.0
0.0
0.015037593984962405
0.0
0.0
0.0
0.0
0.022813688212927757
0.0
0.0
0.0
0.0
0.0
0.0
0.0
0.0
0.0
0.004054054054054054
0.004830917874396135
0.0
0.0
0.0
0.0
0.00477326968973747
0.0
0.0
0.01565217391304348
0.0
0.0
0.0013908205841446453
0.0
0.0
0.0
0.0
0.0
0.0
0.0
0.006134969325153374
0.0
0.0
0.0
0.0
0.0
0.0
0.0
0.0
0.0
0.021791767554479417
0.0
0.0049261083743842365
0.0
0.02875399361022364
0.0
0.0
0.0
0.0
0.0
0.005671077504725898
0.0
0.0
0.0
0.0019267822736030828
0.0
0.0
0.01642710472279261
0.0
0.0
0.0
0.0
0.0
0.0
0.0
0.002053388090349076
0.0
0.0
0.006607929515418502
0.0
0.0
0.005263157894736842
0.0
0.0
0.0
0.0
0.0
0.0
0.0
0.0
0.015037593984962405
0.0
0.0
0.0
0.0
0.022813688212927757
0.0
0.0
0.0
0.0
0.0
0.0
0.0
0.0
0.0
0.004054054054054054
0.004830917874396135
0.0
0.0
0.0
0.0
0.00477326968973747
0.0
0.0
0.01565217391304348
0.0
0.0
0.0013908205841446453
0.0
0.0
0.0
0.0
0.0
0.0
0.0
0.006134969325153374
0.0
0.0
0.0
0.0
0.0
0.0
0.0
0.0
0.0
0.021791767554479417
0.0
0.0049261083743842365
0.0
0.02875399361022364
0.0
0.0
0.0
0.0
0.0
0.005671077504725898
0.0
0.0
0.0
0.0019267822736030828
0.0
0.0
0.01642710472279261
0.0
0.0
0.0
0.0
0.0
0.0
0.0
0.002053388090349076
0.0
0.0
0.006607929515418502
0.0
0.0
0.005263157894736842
0.0
0.0
0.0
0.0
0.0
0.0
0.0
0.0
0.015037593984962405
0.0
0.0
0.0
0.0
0.022813688212927757
0.0
0.0
0.0
0.0
0.0
0.0
0.0
0.0
0.0
0.004054054054054054
0.004830917874396135
0.0
0.0
0.0
0.0
0.00477326968973747
0.0
0.0
0.01565217391304348
0.0
0.0
0.0013908205841446453
0.0
0.0
0.0
0.001932367149758454
0.0
0.009009009009009009
0.0022727272727272726
0.0
0.0
0.0
0.0
0.0
0.0
0.002457002457002457
0.0
0.008528784648187633
0.0
0.1162227602905569
0.0
0.03694581280788178
0.013215859030837005
0.038338658146964855
0.0
0.0
0.03582089552238806
0.0
0.020771513353115726
0.01890359168241966
0.0
0.015437392795883362
0.0
0.01348747591522158
0.0
0.0
0.014373716632443531
0.0
0.0
0.0
0.020833333333333332
0.0
0.0
0.0
0.028747433264887063
0.061371841155234655
0.0
0.006607929515418502
0.02079002079002079
0.008417508417508417
0.0017543859649122807
0.0
0.0
0.0
0.006134969325153374
0.0
0.0
0.0
0.0
0.055639097744360905
0.0
0.0
0.001949317738791423
0.0
0.08745247148288973
0.02443609022556391
0.0
0.0
0.001639344262295082
0.0
0.0
0.008108108108108109
0.0
0.0
0.002702702702702703
0.0012077294685990338
0.0
0.0
0.0
0.0
0.00954653937947494
0.0
0.0
0.057391304347826085
0.0
0.0
0.04033379694019471
0.0
0.0
0.0
0.001932367149758454
0.0
0.009009009009009009
0.0022727272727272726
0.0
0.0
0.0
0.0
0.0
0.0
0.002457002457002457
0.0
0.008528784648187633
0.0
0.1162227602905569
0.0
0.03694581280788178
0.013215859030837005
0.038338658146964855
0.0
0.0
0.03582089552238806
0.0
0.020771513353115726
0.01890359168241966
0.0
0.015437392795883362
0.0
0.01348747591522158
0.0
0.0
0.014373716632443531
0.0
0.0
0.0
0.020833333333333332
0.0
0.0
0.0
0.028747433264887063
0.061371841155234655
0.0
0.006607929515418502
0.02079002079002079
0.008417508417508417
0.0017543859649122807
0.0
0.0
0.0
0.006134969325153374
0.0
0.0
0.0
0.0
0.055639097744360905
0.0
0.0
0.001949317738791423
0.0
0.08745247148288973
0.02443609022556391
0.0
0.0
0.001639344262295082
0.0
0.0
0.008108108108108109
0.0
0.0
0.002702702702702703
0.0012077294685990338
0.0
0.0
0.0
0.0
0.00954653937947494
0.0
0.0
0.057391304347826085
0.0
0.0
0.04033379694019471
0.0
0.0
0.0
0.001932367149758454
0.0
0.009009009009009009
0.0022727272727272726
0.0
0.0
0.0
0.0
0.0
0.0
0.002457002457002457
0.0
0.008528784648187633
0.0
0.1162227602905569
0.0
0.03694581280788178
0.013215859030837005
0.038338658146964855
0.0
0.0
0.03582089552238806
0.0
0.020771513353115726
0.01890359168241966
0.0
0.015437392795883362
0.0
0.01348747591522158
0.0
0.0
0.014373716632443531
0.0
0.0
0.0
0.020833333333333332
0.0
0.0
0.0
0.028747433264887063
0.061371841155234655
0.0
0.006607929515418502
0.02079002079002079
0.008417508417508417
0.0017543859649122807
0.0
0.0
0.0
0.006134969325153374
0.0
0.0
0.0
0.0
0.055639097744360905
0.0
0.0
0.001949317738791423
0.0
0.08745247148288973
0.02443609022556391
0.0
0.0
0.001639344262295082
0.0
0.0
0.008108108108108109
0.0
0.0
0.002702702702702703
0.0012077294685990338
0.0
0.0
0.0
0.0
0.00954653937947494
0.0
0.0
0.057391304347826085
0.0
0.0
0.04033379694019471
0.0
0.0
0.0
0.0
0.0
0.0
0.0
0.006134969325153374
0.0
0.0
0.0
0.0
0.0
0.0
0.0
0.0
0.0
0.021791767554479417
0.0
0.0049261083743842365
0.0
0.02875399361022364
0.0
0.0
0.0
0.0
0.0
0.005671077504725898
0.0
0.0
0.0
0.0019267822736030828
0.0
0.0
0.01642710472279261
0.0
0.0
0.0
0.0
0.0
0.0
0.0
0.002053388090349076
0.0
0.0
0.006607929515418502
0.0
0.0
0.005263157894736842
0.0
0.0
0.0
0.0
0.0
0.0
0.0
0.0
0.015037593984962405
0.0
0.0
0.0
0.0
0.022813688212927757
0.0
0.0
0.0
0.0
0.0
0.0
0.0
0.0
0.0
0.004054054054054054
0.004830917874396135
0.0
0.0
0.0
0.0
0.00477326968973747
0.0
0.0
0.01565217391304348
0.0
0.0
0.0013908205841446453
0.0
0.0
0.0
0.0
0.0
0.0
0.0
0.0
0.006134969325153374
0.0
0.0
0.0
0.0
0.0
0.0
0.0
0.0
0.0
0.021791767554479417
0.0
0.0049261083743842365
0.0
0.02875399361022364
0.0
0.0
0.0
0.0
0.0
0.005671077504725898
0.0
0.0
0.0
0.0019267822736030828
0.0
0.0
0.01642710472279261
0.0
0.0
0.0
0.0
0.0
0.0
0.0
0.002053388090349076
0.0
0.0
0.006607929515418502
0.0
0.0
0.005263157894736842
0.0
0.0
0.0
0.0
0.0
0.0
0.0
0.0
0.015037593984962405
0.0
0.0
0.0
0.0
0.022813688212927757
0.0
0.0
0.0
0.0
0.0
0.0
0.0
0.0
0.0
0.004054054054054054
0.004830917874396135
0.0
0.0
0.0
0.0
0.00477326968973747
0.0
0.0
0.01565217391304348
0.0
0.0
0.0013908205841446453
0.0
0.0
0.0
0.001932367149758454
0.0
0.009009009009009009
0.0022727272727272726
0.0
0.0
0.0
0.0
0.0
0.0
0.002457002457002457
0.0
0.008528784648187633
0.0
0.1162227602905569
0.0
0.03694581280788178
0.013215859030837005
0.038338658146964855
0.0
0.0
0.03582089552238806
0.0
0.020771513353115726
0.01890359168241966
0.0
0.015437392795883362
0.0
0.01348747591522158
0.0
0.0
0.014373716632443531
0.0
0.0
0.0
0.020833333333333332
0.0
0.0
0.0
0.028747433264887063
0.061371841155234655
0.0
0.006607929515418502
0.02079002079002079
0.008417508417508417
0.0017543859649122807
0.0
0.0
0.0
0.006134969325153374
0.0
0.0
0.0
0.0
0.055639097744360905
0.0
0.0
0.001949317738791423
0.0
0.08745247148288973
0.02443609022556391
0.0
0.0
0.001639344262295082
0.0
0.0
0.008108108108108109
0.0
0.0
0.002702702702702703
0.0012077294685990338
0.0
0.0
0.0
0.0
0.00954653937947494
0.0
0.0
0.057391304347826085
0.0
0.0
0.04033379694019471
0.0
0.0
0.0
0.001932367149758454
0.0
0.009009009009009009
0.0022727272727272726
0.0
0.0
0.0
0.0
0.0
0.0
0.002457002457002457
0.0
0.008528784648187633
0.0
0.1162227602905569
0.0
0.03694581280788178
0.013215859030837005
0.038338658146964855
0.0
0.0
0.03582089552238806
0.0
0.020771513353115726
0.01890359168241966
0.0
0.015437392795883362
0.0
0.01348747591522158
0.0
0.0
0.014373716632443531
0.0
0.0
0.0
0.020833333333333332
0.0
0.0
0.0
0.028747433264887063
0.061371841155234655
0.0
0.006607929515418502
0.02079002079002079
0.008417508417508417
0.0017543859649122807
0.0
0.0
0.0
0.006134969325153374
0.0
0.0
0.0
0.0
0.055639097744360905
0.0
0.0
0.001949317738791423
0.0
0.08745247148288973
0.02443609022556391
0.0
0.0
0.001639344262295082
0.0
0.0
0.008108108108108109
0.0
0.0
0.002702702702702703
0.0012077294685990338
0.0
0.0
0.0
0.0
0.00954653937947494
0.0
0.0
0.057391304347826085
0.0
0.0
0.04033379694019471
0.0
0.0
0.0
0.001932367149758454
0.0
0.009009009009009009
0.0022727272727272726
0.0
0.0
0.0
0.0
0.0
0.0
0.002457002457002457
0.0
0.008528784648187633
0.0
0.1162227602905569
0.0
0.03694581280788178
0.013215859030837005
0.038338658146964855
0.0
0.0
0.03582089552238806
0.0
0.020771513353115726
0.01890359168241966
0.0
0.015437392795883362
0.0
0.01348747591522158
0.0
0.0
0.014373716632443531
0.0
0.0
0.0
0.020833333333333332
0.0
0.0
0.0
0.028747433264887063
0.061371841155234655
0.0
0.006607929515418502
0.02079002079002079
0.008417508417508417
0.0017543859649122807
0.0
0.0
0.0
0.006134969325153374
0.0
0.0
0.0
0.0
0.055639097744360905
0.0
0.0
0.001949317738791423
0.0
0.08745247148288973
0.02443609022556391
0.0
0.0
0.001639344262295082
0.0
0.0
0.008108108108108109
0.0
0.0
0.002702702702702703
0.0012077294685990338
0.0
0.0
0.0
0.0
0.00954653937947494
0.0
0.0
0.057391304347826085
0.0
0.0
0.04033379694019471
0.0
0.0
0.0
0.0
0.0
0.0
0.0
0.006134969325153374
0.0
0.0
0.0
0.0
0.0
0.0
0.0
0.0
0.0
0.021791767554479417
0.0
0.0049261083743842365
0.0
0.02875399361022364
0.0
0.0
0.0
0.0
0.0
0.005671077504725898
0.0
0.0
0.0
0.0019267822736030828
0.0
0.0
0.01642710472279261
0.0
0.0
0.0
0.0
0.0
0.0
0.0
0.002053388090349076
0.0
0.0
0.006607929515418502
0.0
0.0
0.005263157894736842
0.0
0.0
0.0
0.0
0.0
0.0
0.0
0.0
0.015037593984962405
0.0
0.0
0.0
0.0
0.022813688212927757
0.0
0.0
0.0
0.0
0.0
0.0
0.0
0.0
0.0
0.004054054054054054
0.004830917874396135
0.0
0.0
0.0
0.0
0.00477326968973747
0.0
0.0
0.01565217391304348
0.0
0.0
0.0013908205841446453
0.0
0.0
0.0
0.001932367149758454
0.0
0.009009009009009009
0.0022727272727272726
0.0
0.0
0.0
0.0
0.0
0.0
0.002457002457002457
0.0
0.008528784648187633
0.0
0.1162227602905569
0.0
0.03694581280788178
0.013215859030837005
0.038338658146964855
0.0
0.0
0.03582089552238806
0.0
0.020771513353115726
0.01890359168241966
0.0
0.015437392795883362
0.0
0.01348747591522158
0.0
0.0
0.014373716632443531
0.0
0.0
0.0
0.020833333333333332
0.0
0.0
0.0
0.028747433264887063
0.061371841155234655
0.0
0.006607929515418502
0.02079002079002079
0.008417508417508417
0.0017543859649122807
0.0
0.0
0.0
0.006134969325153374
0.0
0.0
0.0
0.0
0.055639097744360905
0.0
0.0
0.001949317738791423
0.0
0.08745247148288973
0.02443609022556391
0.0
0.0
0.001639344262295082
0.0
0.0
0.008108108108108109
0.0
0.0
0.002702702702702703
0.0012077294685990338
0.0
0.0
0.0
0.0
0.00954653937947494
0.0
0.0
0.057391304347826085
0.0
0.0
0.04033379694019471
0.0
0.0
0.0
0.001932367149758454
0.0
0.009009009009009009
0.0022727272727272726
0.0
0.0
0.0
0.0
0.0
0.0
0.002457002457002457
0.0
0.008528784648187633
0.0
0.1162227602905569
0.0
0.03694581280788178
0.013215859030837005
0.038338658146964855
0.0
0.0
0.03582089552238806
0.0
0.020771513353115726
0.01890359168241966
0.0
0.015437392795883362
0.0
0.01348747591522158
0.0
0.0
0.014373716632443531
0.0
0.0
0.0
0.020833333333333332
0.0
0.0
0.0
0.028747433264887063
0.061371841155234655
0.0
0.006607929515418502
0.02079002079002079
0.008417508417508417
0.0017543859649122807
0.0
0.0
0.0
0.006134969325153374
0.0
0.0
0.0
0.0
0.055639097744360905
0.0
0.0
0.001949317738791423
0.0
0.08745247148288973
0.02443609022556391
0.0
0.0
0.001639344262295082
0.0
0.0
0.008108108108108109
0.0
0.0
0.002702702702702703
0.0012077294685990338
0.0
0.0
0.0
0.0
0.00954653937947494
0.0
0.0
0.057391304347826085
0.0
0.0
0.04033379694019471
0.0
0.0
0.0
