==========
0.14213003886185124
0.04889531849349824
0.07323281611831267
0.02472333048832959
0.016485175069511086
0.016829027006964356
0.0
0.023249505190443893
0.005629297223534352
0.0166955367345567
0.13349967970148094
0.09863027511151694
==========
0.06983700727541713
0.15703565580479195
0.09744367278323135
0.1215561562926284
0.03155160415059942
0.013063332089087968
0.03403110662592623
0.0
0.04162818001760583
0.023206268589905054
0.06323268957896112
0.14741432679184546
==========
0.1254362857203964
0.05205530624278273
0.18903501871190592
0.08323037928548978
0.13011806257642503
0.021061936422541408
0.0315601775737304
0.014584610123352845
0.0
0.0373970935331804
0.02623056592039801
0.02262389722313047
==========
0.019913310401132967
0.13028798310977943
0.013970559963748309
0.1632749339445956
0.0716958691787067
0.07435842020510214
0.08379549300601931
0.013097025280332833
0.0340101832025607
0.0018259803921568628
0.02203221955248842
0.07173802176337674
==========
0.011774214534261815
0.05772159382134427
0.1446232964000669
0.14854633580135793
0.1880405009252036
0.05422161051246018
0.115102871095513
0.05696198621035223
0.01414217466993678
0.02841402055775223
0.0012345679012345679
0.04588349423718315
==========
0.028846155283305402
0.023454781797478428
0.014493580864781657
0.14086723947790428
0.08774451069518618
0.15145019687579378
0.07670604463287391
0.07401060791750859
0.021998453887662146
0.0012919896640826874
0.012469772236756306
0.0
==========
0.0
0.026770000402944697
0.01624535268324088
0.03721594351620446
0.14523372674638949
0.08853065175660718
0.1926602637002884
0.051477752022050634
0.17898059015328124
0.0744311872296816
0.019351263873582398
0.03576993458239561
==========
0.0285980104151345
0.01470189701897019
0.023050363907403375
0.016198303677081263
0.023534862381556738
0.08997397566324479
0.1283440409791945
0.20273294304953554
0.10158562216881402
0.11205745841780607
0.018596296406365054
0.007292892581560585
==========
0.0018264840182648401
0.013834281643305909
0.0
0.03317484415804825
0.04697565937408085
0.027443655018321998
0.15626812484675365
0.05109666840554854
0.16730950274887277
0.0744335238058821
0.10049871401874734
0.060471875295507065
==========
0.049799283714946366
0.007078086489851195
0.010575402917713335
0.0
0.04273489415526942
0.03277250277250277
0.052621332219573574
0.13431449624707997
0.08701663748103376
0.23705908483306012
0.058699096602322406
0.12066251589998037
==========
0.053300758050303966
0.05811080107809221
3.3003300330033004E-4
0.009757366063052043
0.034323432343234324
0.01273284664690083
0.03614193775274774
0.0368202295608737
0.1779039457069672
0.042077368938453125
0.16909381571702917
0.06940746513904537
==========
0.08787165823801604
0.14787663164664916
0.03246783588499504
0.042288665341944025
0.037391026645905025
0.0
0.03147416889939003
0.029245605052056665
0.042224713540750115
0.18665994979866682
0.09397284498097506
0.2018602333039854
==========
0.14213003886185124
0.04889531849349824
0.07323281611831267
0.02472333048832959
0.016485175069511086
0.016829027006964356
0.0
0.023249505190443893
0.005629297223534352
0.0166955367345567
0.13349967970148094
0.09863027511151694
==========
0.06983700727541713
0.15703565580479195
0.09744367278323135
0.1215561562926284
0.03155160415059942
0.013063332089087968
0.03403110662592623
0.0
0.04162818001760583
0.023206268589905054
0.06323268957896112
0.14741432679184546
==========
0.1254362857203964
0.05205530624278273
0.18903501871190592
0.08323037928548978
0.13011806257642503
0.021061936422541408
0.0315601775737304
0.014584610123352845
0.0
0.0373970935331804
0.02623056592039801
0.02262389722313047
==========
0.019913310401132967
0.13028798310977943
0.013970559963748309
0.1632749339445956
0.0716958691787067
0.07435842020510214
0.08379549300601931
0.013097025280332833
0.0340101832025607
0.0018259803921568628
0.02203221955248842
0.07173802176337674
==========
0.011774214534261815
0.05772159382134427
0.1446232964000669
0.14854633580135793
0.1880405009252036
0.05422161051246018
0.115102871095513
0.05696198621035223
0.01414217466993678
0.02841402055775223
0.0012345679012345679
0.04588349423718315
==========
0.028846155283305402
0.023454781797478428
0.014493580864781657
0.14086723947790428
0.08774451069518618
0.15145019687579378
0.07670604463287391
0.07401060791750859
0.021998453887662146
0.0012919896640826874
0.012469772236756306
0.0
==========
0.0
0.026770000402944697
0.01624535268324088
0.03721594351620446
0.14523372674638949
0.08853065175660718
0.1926602637002884
0.051477752022050634
0.17898059015328124
0.0744311872296816
0.019351263873582398
0.03576993458239561
==========
0.0285980104151345
0.01470189701897019
0.023050363907403375
0.016198303677081263
0.023534862381556738
0.08997397566324479
0.1283440409791945
0.20273294304953554
0.10158562216881402
0.11205745841780607
0.018596296406365054
0.007292892581560585
==========
0.0018264840182648401
0.013834281643305909
0.0
0.03317484415804825
0.04697565937408085
0.027443655018321998
0.15626812484675365
0.05109666840554854
0.16730950274887277
0.0744335238058821
0.10049871401874734
0.060471875295507065
==========
0.049799283714946366
0.007078086489851195
0.010575402917713335
0.0
0.04273489415526942
0.03277250277250277
0.052621332219573574
0.13431449624707997
0.08701663748103376
0.23705908483306012
0.058699096602322406
0.12066251589998037
==========
0.053300758050303966
0.05811080107809221
3.3003300330033004E-4
0.009757366063052043
0.034323432343234324
0.01273284664690083
0.03614193775274774
0.0368202295608737
0.1779039457069672
0.042077368938453125
0.16909381571702917
0.06940746513904537
==========
0.08787165823801604
0.14787663164664916
0.03246783588499504
0.042288665341944025
0.037391026645905025
0.0
0.03147416889939003
0.029245605052056665
0.042224713540750115
0.18665994979866682
0.09397284498097506
0.2018602333039854
