0
3977
1903
932
548
277
191
65
47
29
5
12
23
9
10
5
5
5
2
1
3
0
1
2
0
0
0
0
0
0
0
0
1
0
0
0
0
0
0
0
0
0
0
3
0
0
0
0
0
0
0
3977
1903
932
548
277
191
65
47
29
5
12
23
9
10
5
5
5
2
1
3
0
1
2
0
0
0
0
0
0
0
0
1
0
0
0
0
0
0
0
0
0
0
3
0
0
0
0
0
0
0
3977
1903
932
548
277
191
65
47
29
5
12
23
9
10
5
5
5
2
1
3
0
1
2
0
0
0
0
0
0
0
0
1
0
0
0
0
0
0
0
0
0
0
3
0
0
0
0
0
0
0
3977
1903
932
548
277
191
65
47
29
5
12
23
9
10
5
5
5
2
1
3
0
1
2
0
0
0
0
0
0
0
0
1
0
0
0
0
0
0
0
0
0
0
3
0
0
0
0
0
0
0
3977
1903
932
548
277
191
65
47
29
5
12
23
9
10
5
5
5
2
1
3
0
1
2
0
0
0
0
0
0
0
0
1
0
0
0
0
0
0
0
0
0
0
3
0
0
0
0
0
0
0
3938
1919
911
519
257
174
124
55
45
29
21
25
10
10
8
5
5
1
2
3
2
0
0
1
0
0
0
2
0
0
1
0
0
0
0
0
0
0
0
0
0
0
0
0
0
0
0
0
0
0
3938
1919
911
519
257
174
124
55
45
29
21
25
10
10
8
5
5
1
2
3
2
0
0
1
0
0
0
2
0
0
1
0
0
0
0
0
0
0
0
0
0
0
0
0
0
0
0
0
0
0
3938
1919
911
519
257
174
124
55
45
29
21
25
10
10
8
5
5
1
2
3
2
0
0
1
0
0
0
2
0
0
1
0
0
0
0
0
0
0
0
0
0
0
0
0
0
0
0
0
0
0
3977
1903
932
548
277
191
65
47
29
5
12
23
9
10
5
5
5
2
1
3
0
1
2
0
0
0
0
0
0
0
0
1
0
0
0
0
0
0
0
0
0
0
3
0
0
0
0
0
0
0
3977
1903
932
548
277
191
65
47
29
5
12
23
9
10
5
5
5
2
1
3
0
1
2
0
0
0
0
0
0
0
0
1
0
0
0
0
0
0
0
0
0
0
3
0
0
0
0
0
0
0
3938
1919
911
519
257
174
124
55
45
29
21
25
10
10
8
5
5
1
2
3
2
0
0
1
0
0
0
2
0
0
1
0
0
0
0
0
0
0
0
0
0
0
0
0
0
0
0
0
0
0
3938
1919
911
519
257
174
124
55
45
29
21
25
10
10
8
5
5
1
2
3
2
0
0
1
0
0
0
2
0
0
1
0
0
0
0
0
0
0
0
0
0
0
0
0
0
0
0
0
0
0
3938
1919
911
519
257
174
124
55
45
29
21
25
10
10
8
5
5
1
2
3
2
0
0
1
0
0
0
2
0
0
1
0
0
0
0
0
0
0
0
0
0
0
0
0
0
0
0
0
0
0
3977
1903
932
548
277
191
65
47
29
5
12
23
9
10
5
5
5
2
1
3
0
1
2
0
0
0
0
0
0
0
0
1
0
0
0
0
0
0
0
0
0
0
3
0
0
0
0
0
0
0
3938
1919
911
519
257
174
124
55
45
29
21
25
10
10
8
5
5
1
2
3
2
0
0
1
0
0
0
2
0
0
1
0
0
0
0
0
0
0
0
0
0
0
0
0
0
0
0
0
0
0
3938
1919
911
519
257
174
124
55
45
29
21
25
10
10
8
5
5
1
2
3
2
0
0
1
0
0
0
2
0
0
1
0
0
0
0
0
0
0
0
0
0
0
0
0
0
0
0
0
0
