0
4451
1446
560
295
103
53
34
10
8
6
14
4
3
3
1
0
0
4
1
0
0
1
1
0
0
0
0
0
0
0
0
0
0
0
0
0
0
0
0
0
0
0
0
0
0
0
0
0
0
NaN
NaN
NaN
NaN
NaN
NaN
NaN
NaN
NaN
NaN
NaN
NaN
0
4451
1446
560
295
103
53
34
10
8
6
14
4
3
3
1
0
0
4
1
0
0
1
1
0
0
0
0
0
0
0
0
0
0
0
0
0
0
0
0
0
0
0
0
0
0
0
0
0
0
NaN
NaN
NaN
NaN
NaN
NaN
NaN
NaN
NaN
NaN
NaN
NaN
0
4451
1446
560
295
103
53
34
10
8
6
14
4
3
3
1
0
0
4
1
0
0
1
1
0
0
0
0
0
0
0
0
0
0
0
0
0
0
0
0
0
0
0
0
0
0
0
0
0
0
0
4451
1446
560
295
103
53
34
10
8
6
14
4
3
3
1
0
0
4
1
0
0
1
1
0
0
0
0
0
0
0
0
0
0
0
0
0
0
0
0
0
0
0
0
0
0
0
0
0
0
0
4451
1446
560
295
103
53
34
10
8
6
14
4
3
3
1
0
0
4
1
0
0
1
1
0
0
0
0
0
0
0
0
0
0
0
0
0
0
0
0
0
0
0
0
0
0
0
0
0
0
0
4514
1511
570
296
135
67
41
18
26
13
15
5
2
1
2
1
0
5
1
0
0
1
0
0
0
0
0
0
0
0
0
0
0
0
0
0
0
0
0
0
0
0
0
0
0
0
0
0
0
0
4514
1511
570
296
135
67
41
18
26
13
15
5
2
1
2
1
0
5
1
0
0
1
0
0
0
0
0
0
0
0
0
0
0
0
0
0
0
0
0
0
0
0
0
0
0
0
0
0
0
0
4514
1511
570
296
135
67
41
18
26
13
15
5
2
1
2
1
0
5
1
0
0
1
0
0
0
0
0
0
0
0
0
0
0
0
0
0
0
0
0
0
0
0
0
0
0
0
0
0
0
0
4451
1446
560
295
103
53
34
10
8
6
14
4
3
3
1
0
0
4
1
0
0
1
1
0
0
0
0
0
0
0
0
0
0
0
0
0
0
0
0
0
0
0
0
0
0
0
0
0
0
0
4451
1446
560
295
103
53
34
10
8
6
14
4
3
3
1
0
0
4
1
0
0
1
1
0
0
0
0
0
0
0
0
0
0
0
0
0
0
0
0
0
0
0
0
0
0
0
0
0
0
0
4514
1511
570
296
135
67
41
18
26
13
15
5
2
1
2
1
0
5
1
0
0
1
0
0
0
0
0
0
0
0
0
0
0
0
0
0
0
0
0
0
0
0
0
0
0
0
0
0
0
0
4514
1511
570
296
135
67
41
18
26
13
15
5
2
1
2
1
0
5
1
0
0
1
0
0
0
0
0
0
0
0
0
0
0
0
0
0
0
0
0
0
0
0
0
0
0
0
0
0
0
0
4514
1511
570
296
135
67
41
18
26
13
15
5
2
1
2
1
0
5
1
0
0
1
0
0
0
0
0
0
0
0
0
0
0
0
0
0
0
0
0
0
0
0
0
0
0
0
0
0
0
0
4451
1446
560
295
103
53
34
10
8
6
14
4
3
3
1
0
0
4
1
0
0
1
1
0
0
0
0
0
0
0
0
0
0
0
0
0
0
0
0
0
0
0
0
0
0
0
0
0
0
0
4514
1511
570
296
135
67
41
18
26
13
15
5
2
1
2
1
0
5
1
0
0
1
0
0
0
0
0
0
0
0
0
0
0
0
0
0
0
0
0
0
0
0
0
0
0
0
0
0
0
0
4514
1511
570
296
135
67
41
18
26
13
15
5
2
1
2
1
0
5
1
0
0
1
0
0
0
0
0
0
0
0
0
0
0
0
0
0
0
0
0
0
0
0
0
0
0
0
0
0
0
