0.06956521739130435
0.043478260869565216
0.03153153153153153
0.04772727272727273
0.04294478527607362
0.0847457627118644
0.053304904051172705
0.0651085141903172
0.0260707635009311
0.05569620253164557
0.04914004914004914
0.06366459627329192
0.057569296375266525
0.03324808184143223
0.06053268765133172
0.12962962962962962
0.03940886699507389
0.030837004405286344
0.10543130990415335
0.04
0.21178343949044587
0.0029850746268656717
0.022332506203473945
0.08011869436201781
0.03213610586011342
0.044921875
0.0411663807890223
0.02865329512893983
0.01348747591522158
0.049926578560939794
0.014925373134328358
0.23203285420944558
0.04741379310344827
0.0223463687150838
0.03211009174311927
0.07291666666666667
0.06526806526806526
0.06547619047619048
0.06077348066298342
0.028747433264887063
0.1263537906137184
0.049783549783549784
0.028634361233480177
0.02286902286902287
0.026936026936026935
0.05263157894736842
0.05976095617529881
0.04915514592933948
0.059770114942528735
0.05930470347648262
0.04187192118226601
0.03178484107579462
0.027065527065527065
0.05060240963855422
0.162406015037594
0.08349146110056926
0.05970149253731343
0.06042884990253411
0.04189944134078212
0.12167300380228137
0.08458646616541353
0.06288343558282208
0.20641282565130262
0.029508196721311476
0.03945111492281304
0.0577319587628866
0.0918918918918919
0.05389221556886228
0.05585106382978723
0.09054054054054055
0.14130434782608695
0.12168141592920353
0.12761020881670534
0.013392857142857142
0.038560411311053984
0.02386634844868735
0.05273833671399594
0.09565217391304348
0.09565217391304348
0.04381846635367762
0.07297830374753451
0.027816411682892908
0.0125
0.01910828025477707
0.03374233128834356
